20,34,93
21,37,93
22,38,93
23,38,93
23,39,93
26,40,93
26,41,93
27,40,93
27,41,93
29,40,93
29,41,93
30,40,93
32,37,93
21,30,91
21,31,91
21,33,91
21,34,91
22,31,91
22,34,91
24,27,91
24,37,91
25,24,91
25,37,91
26,33,91
27,26,91
27,37,91
27,38,91
27,39,91
28,33,91
28,34,91
28,36,91
28,39,91
29,34,91
29,35,91
29,38,91
29,39,91
30,31,91
31,38,91
32,26,91
32,40,91
33,30,91
33,31,91
33,36,91
34,31,91
34,32,91
35,32,91
22,31,90
24,28,90
24,29,90
26,30,90
26,31,90
26,32,90
27,28,90
27,32,90
27,33,90
27,35,90
27,38,90
28,31,90
28,32,90
28,33,90
28,34,90
28,36,90
28,38,90
29,32,90
29,39,90
30,31,90
30,33,90
31,32,90
31,33,90
31,35,90
31,38,90
33,31,90
23,34,89
24,28,89
24,29,89
24,30,89
24,31,89
24,34,89
25,29,89
26,31,89
26,32,89
26,35,89
27,28,89
27,29,89
27,30,89
27,32,89
27,33,89
27,36,89
27,37,89
27,38,89
28,28,89
28,31,89
28,32,89
28,33,89
28,34,89
28,35,89
28,36,89
28,37,89
29,30,89
29,31,89
29,32,89
29,33,89
29,34,89
29,35,89
30,31,89
30,32,89
30,33,89
30,34,89
30,35,89
31,31,89
31,34,89
31,35,89
32,34,89
25,31,88
25,33,88
25,34,88
26,32,88
26,33,88
26,34,88
27,30,88
27,32,88
27,33,88
27,34,88
27,35,88
28,31,88
28,32,88
28,33,88
28,34,88
28,35,88
28,36,88
28,37,88
29,31,88
29,32,88
29,33,88
29,34,88
29,36,88
30,34,88
30,35,88
25,31,87
25,32,87
25,33,87
25,34,87
25,35,87
26,31,87
26,32,87
26,33,87
26,34,87
26,35,87
27,30,87
27,31,87
27,32,87
27,33,87
27,34,87
27,36,87
28,31,87
28,32,87
28,33,87
28,34,87
28,35,87
28,37,87
29,32,87
29,33,87
29,34,87
29,35,87
30,31,87
30,32,87
30,33,87
31,33,87
26,31,86
26,34,86
26,35,86
27,30,86
27,31,86
27,32,86
27,33,86
27,34,86
27,35,86
27,36,86
28,31,86
28,32,86
28,33,86
28,34,86
28,35,86
28,36,86
29,32,86
29,33,86
29,35,86
26,32,85
26,33,85
27,31,85
27,32,85
27,33,85
27,34,85
27,35,85
28,32,85
28,33,85
28,34,85
28,35,85
29,32,85
29,33,85
29,34,85
30,33,85
30,34,85
26,35,84
27,32,84
27,33,84
27,34,84
27,35,84
28,32,84
28,33,84
28,34,84
28,35,84
29,33,84
29,34,84
26,33,83
26,34,83
26,35,83
26,36,83
27,32,83
27,33,83
27,34,83
27,35,83
27,36,83
27,37,83
28,32,83
28,33,83
28,34,83
28,35,83
29,32,83
29,33,83
29,34,83
31,34,83
26,32,82
26,33,82
26,34,82
27,32,82
27,33,82
27,34,82
27,35,82
27,36,82
28,32,82
28,33,82
28,34,82
28,35,82
28,36,82
28,37,82
29,33,82
29,34,82
29,35,82
31,35,82
25,36,81
26,32,81
26,33,81
26,34,81
26,35,81
26,36,81
27,32,81
27,33,81
27,34,81
27,35,81
27,36,81
28,32,81
28,33,81
28,34,81
28,35,81
28,36,81
29,32,81
29,33,81
29,34,81
29,35,81
30,32,81
30,33,81
30,34,81
31,34,81
32,35,81
25,34,80
25,37,80
26,33,80
26,34,80
26,35,80
26,36,80
26,37,80
27,31,80
27,32,80
27,33,80
27,34,80
27,35,80
27,36,80
27,37,80
28,32,80
28,33,80
28,34,80
28,35,80
28,36,80
28,37,80
29,33,80
29,34,80
29,36,80
30,33,80
30,34,80
30,35,80
31,34,80
31,35,80
32,33,80
25,32,79
25,33,79
25,36,79
25,37,79
26,30,79
26,32,79
26,33,79
26,34,79
26,35,79
26,36,79
26,37,79
27,31,79
27,32,79
27,33,79
27,34,79
27,35,79
27,36,79
27,37,79
27,38,79
28,31,79
28,32,79
28,33,79
28,34,79
28,35,79
28,36,79
28,37,79
29,33,79
29,34,79
29,35,79
29,36,79
30,34,79
30,36,79
31,33,79
31,34,79
31,35,79
32,33,79
32,34,79
33,35,79
34,35,79
23,33,78
24,28,78
24,32,78
24,33,78
24,35,78
25,31,78
25,32,78
25,34,78
25,35,78
26,32,78
26,33,78
26,34,78
26,35,78
27,30,78
27,32,78
27,33,78
27,34,78
27,35,78
27,36,78
27,37,78
27,39,78
28,30,78
28,33,78
28,34,78
28,35,78
28,36,78
28,37,78
28,38,78
29,30,78
29,31,78
29,33,78
29,34,78
29,35,78
29,36,78
29,37,78
30,32,78
30,33,78
30,34,78
30,35,78
31,35,78
31,37,78
32,32,78
32,33,78
32,34,78
33,32,78
33,33,78
33,34,78
26,34,77
27,33,77
27,34,77
27,35,77
27,37,77
28,33,77
28,34,77
28,35,77
28,37,77
28,38,77
29,33,77
29,34,77
29,35,77
29,36,77
30,32,77
30,33,77
31,33,77
21,35,76
23,32,76
24,35,76
24,39,76
25,34,76
25,35,76
26,33,76
26,34,76
26,35,76
26,36,76
26,37,76
27,31,76
27,32,76
27,33,76
27,34,76
27,35,76
27,36,76
27,37,76
27,38,76
28,31,76
28,32,76
28,33,76
28,34,76
28,35,76
28,36,76
28,37,76
28,38,76
28,40,76
29,33,76
29,34,76
29,35,76
29,36,76
29,37,76
30,33,76
30,35,76
30,37,76
30,40,76
31,33,76
31,35,76
34,33,76
22,36,75
23,33,75
23,36,75
24,36,75
25,36,75
26,31,75
26,35,75
26,36,75
26,38,75
26,39,75
27,33,75
27,34,75
27,35,75
27,36,75
28,32,75
28,33,75
28,34,75
28,35,75
28,36,75
28,37,75
28,38,75
28,39,75
29,33,75
29,34,75
29,35,75
29,36,75
29,37,75
29,38,75
29,39,75
29,40,75
30,32,75
30,33,75
30,34,75
30,40,75
31,32,75
31,35,75
32,37,75
33,31,75
21,36,74
23,36,74
24,34,74
24,36,74
25,35,74
26,33,74
26,34,74
26,35,74
26,37,74
26,38,74
26,39,74
27,32,74
27,33,74
27,34,74
27,35,74
27,37,74
28,33,74
28,34,74
28,35,74
28,36,74
28,37,74
28,38,74
28,39,74
29,32,74
29,34,74
29,35,74
29,36,74
29,37,74
30,32,74
30,33,74
30,34,74
31,38,74
32,34,74
25,35,73
25,36,73
26,33,73
26,34,73
26,35,73
26,36,73
26,37,73
27,33,73
27,34,73
27,35,73
27,36,73
27,37,73
28,33,73
28,34,73
28,35,73
28,36,73
28,37,73
28,38,73
29,33,73
29,34,73
29,35,73
29,37,73
30,33,73
30,34,73
30,35,73
21,35,72
21,36,72
22,37,72
23,37,72
24,38,72
25,34,72
26,34,72
26,35,72
26,36,72
26,37,72
26,39,72
27,33,72
27,34,72
27,35,72
27,36,72
27,38,72
27,39,72
27,40,72
28,32,72
28,33,72
28,34,72
28,35,72
28,36,72
28,37,72
28,40,72
28,41,72
29,31,72
29,32,72
29,33,72
29,34,72
29,35,72
29,36,72
29,40,72
30,30,72
30,31,72
30,32,72
30,33,72
30,34,72
30,35,72
30,36,72
31,31,72
31,34,72
31,36,72
31,38,72
32,30,72
32,34,72
32,35,72
32,36,72
33,34,72
33,36,72
34,35,72
25,37,71
26,34,71
26,36,71
26,37,71
27,34,71
27,35,71
27,36,71
27,37,71
28,33,71
28,34,71
28,35,71
28,37,71
28,38,71
28,39,71
29,33,71
29,34,71
29,36,71
29,37,71
30,31,71
30,32,71
30,33,71
30,36,71
31,30,71
25,28,70
25,34,70
25,37,70
25,38,70
26,34,70
26,35,70
26,36,70
26,37,70
27,33,70
27,34,70
27,35,70
27,36,70
27,37,70
28,33,70
28,34,70
28,35,70
28,36,70
28,37,70
28,38,70
29,34,70
29,35,70
29,36,70
30,33,70
31,34,70
23,35,69
24,35,69
24,36,69
25,35,69
25,36,69
26,33,69
26,34,69
26,35,69
26,36,69
26,37,69
27,32,69
27,33,69
27,34,69
27,35,69
27,36,69
27,37,69
27,39,69
28,32,69
28,33,69
28,34,69
28,35,69
28,36,69
28,37,69
29,33,69
29,34,69
29,35,69
29,36,69
30,33,69
30,34,69
30,35,69
31,32,69
31,35,69
32,35,69
25,34,68
25,37,68
25,38,68
26,33,68
26,34,68
26,36,68
26,37,68
27,34,68
27,35,68
27,36,68
27,37,68
27,40,68
27,41,68
28,30,68
28,34,68
28,35,68
28,36,68
28,37,68
29,32,68
29,33,68
29,34,68
29,35,68
29,36,68
30,35,68
31,35,68
25,36,67
26,36,67
26,37,67
26,38,67
26,39,67
27,34,67
27,35,67
27,36,67
27,38,67
27,39,67
28,37,67
28,38,67
28,39,67
29,34,67
29,35,67
29,36,67
30,35,67
30,36,67
30,39,67
31,32,67
31,35,67
24,38,66
25,34,66
25,37,66
25,38,66
25,39,66
26,35,66
26,36,66
26,37,66
27,34,66
27,35,66
27,36,66
27,37,66
27,38,66
27,39,66
28,34,66
28,35,66
28,36,66
28,37,66
28,38,66
28,39,66
28,40,66
29,33,66
29,34,66
29,35,66
29,36,66
29,37,66
29,38,66
29,39,66
31,37,66
36,36,66
24,35,65
25,35,65
26,35,65
26,36,65
26,39,65
26,40,65
27,34,65
27,35,65
27,36,65
27,37,65
27,38,65
27,39,65
27,40,65
28,34,65
28,35,65
28,36,65
28,37,65
28,38,65
28,39,65
29,35,65
29,36,65
29,38,65
29,39,65
30,37,65
25,34,64
25,36,64
25,39,64
26,34,64
26,35,64
26,36,64
26,37,64
26,39,64
27,34,64
27,35,64
27,37,64
27,38,64
27,39,64
28,35,64
28,37,64
28,38,64
28,39,64
29,37,64
30,34,64
30,35,64
30,37,64
23,37,63
23,38,63
24,33,63
24,35,63
24,36,63
24,37,63
24,38,63
24,39,63
24,40,63
25,35,63
25,36,63
25,37,63
25,38,63
26,35,63
26,36,63
26,37,63
26,38,63
26,39,63
26,40,63
26,41,63
26,42,63
27,33,63
27,34,63
27,35,63
27,36,63
27,37,63
27,38,63
27,39,63
27,40,63
28,31,63
28,34,63
28,35,63
28,36,63
28,37,63
28,38,63
28,39,63
28,42,63
28,43,63
29,33,63
29,36,63
29,37,63
29,38,63
30,37,63
30,38,63
31,38,63
32,34,63
32,38,63
25,34,62
25,36,62
26,36,62
26,37,62
26,38,62
27,32,62
27,34,62
27,35,62
27,36,62
27,37,62
27,38,62
27,39,62
28,34,62
28,35,62
28,37,62
28,38,62
28,39,62
28,40,62
25,36,61
26,38,61
26,39,61
27,35,61
27,37,61
27,38,61
27,39,61
28,33,61
28,34,61
28,36,61
28,37,61
28,38,61
29,35,61
29,36,61
29,37,61
30,36,61
30,37,61
23,36,60
25,38,60
26,35,60
26,36,60
26,37,60
26,38,60
26,39,60
27,35,60
27,36,60
27,37,60
27,38,60
28,35,60
28,36,60
28,37,60
28,39,60
28,40,60
29,37,60
30,41,60
31,34,60
32,34,60
32,36,60
21,36,59
22,36,59
24,36,59
24,37,59
25,36,59
25,38,59
26,36,59
26,37,59
26,38,59
26,39,59
27,34,59
27,37,59
27,38,59
27,39,59
28,34,59
28,35,59
28,36,59
28,37,59
28,38,59
28,39,59
28,40,59
29,35,59
29,36,59
29,37,59
29,38,59
29,40,59
31,37,59
23,35,58
23,39,58
24,37,58
25,33,58
25,34,58
25,35,58
25,36,58
25,37,58
25,38,58
25,39,58
25,40,58
26,34,58
26,36,58
26,37,58
26,38,58
26,39,58
26,40,58
27,35,58
27,36,58
27,37,58
27,38,58
27,39,58
27,40,58
27,41,58
27,43,58
28,35,58
28,36,58
28,37,58
28,38,58
28,39,58
28,40,58
28,41,58
29,33,58
29,34,58
29,35,58
29,37,58
29,38,58
29,39,58
29,40,58
29,42,58
30,38,58
30,39,58
31,40,58
24,39,57
24,40,57
25,35,57
25,39,57
25,40,57
26,35,57
26,36,57
26,37,57
26,38,57
27,35,57
27,36,57
27,37,57
27,38,57
27,39,57
27,40,57
27,41,57
28,35,57
28,36,57
28,37,57
28,38,57
28,39,57
28,40,57
28,41,57
29,35,57
29,36,57
29,37,57
29,38,57
29,43,57
30,36,57
30,38,57
31,35,57
31,37,57
23,38,56
23,41,56
24,38,56
25,37,56
25,39,56
25,40,56
26,36,56
26,37,56
26,38,56
26,39,56
27,36,56
27,37,56
27,38,56
27,39,56
27,40,56
28,36,56
28,37,56
28,38,56
28,39,56
28,40,56
28,41,56
29,36,56
29,38,56
32,35,56
26,36,55
26,37,55
26,38,55
27,36,55
27,37,55
27,38,55
27,39,55
28,37,55
28,38,55
29,37,55
30,37,55
18,66,40
20,62,40
20,63,40
20,64,40
21,58,40
21,59,40
21,61,40
21,67,40
22,50,40
22,53,40
22,54,40
22,55,40
22,56,40
22,60,40
22,61,40
22,64,40
23,48,40
23,50,40
23,51,40
23,53,40
23,54,40
23,55,40
23,56,40
23,57,40
24,47,40
24,49,40
24,51,40
24,52,40
24,56,40
25,49,40
25,50,40
26,50,40
26,65,40
44,37,40
17,73,39
18,67,39
19,66,39
20,62,39
20,63,39
20,64,39
21,58,39
21,59,39
21,60,39
21,61,39
21,62,39
21,63,39
22,50,39
22,53,39
22,54,39
22,55,39
22,57,39
22,59,39
22,60,39
22,61,39
22,64,39
23,48,39
23,50,39
23,53,39
23,54,39
23,55,39
23,56,39
23,57,39
23,63,39
24,49,39
24,51,39
24,55,39
24,56,39
27,50,39
38,39,39
39,37,39
39,38,39
39,39,39
40,36,39
40,37,39
41,35,39
41,36,39
41,37,39
19,65,38
19,66,38
19,67,38
19,68,38
20,61,38
20,62,38
20,63,38
20,65,38
20,66,38
20,67,38
21,59,38
21,60,38
21,61,38
21,62,38
21,63,38
21,66,38
22,54,38
22,55,38
22,56,38
22,57,38
22,58,38
22,59,38
22,60,38
22,62,38
23,50,38
23,53,38
23,55,38
23,56,38
24,54,38
33,39,38
37,38,38
38,38,38
38,39,38
39,36,38
39,38,38
40,36,38
41,36,38
41,37,38
42,36,38
43,36,38
45,37,38
19,65,37
19,67,37
20,61,37
20,62,37
20,65,37
20,66,37
20,67,37
21,61,37
21,62,37
21,63,37
22,59,37
22,60,37
38,37,37
39,38,37
42,36,37
43,36,37
14,85,36
17,74,36
17,75,36
18,70,36
18,71,36
18,72,36
18,73,36
18,74,36
19,66,36
19,67,36
19,68,36
19,69,36
19,70,36
19,75,36
20,61,36
20,62,36
20,64,36
20,65,36
20,66,36
20,67,36
20,68,36
20,72,36
21,59,36
21,61,36
21,62,36
22,56,36
22,58,36
22,59,36
23,54,36
38,37,36
38,38,36
39,37,36
39,38,36
41,36,36
41,37,36
42,36,36
43,36,36
43,37,36
44,36,36
14,83,35
14,84,35
14,85,35
14,86,35
15,80,35
15,82,35
15,83,35
15,84,35
16,77,35
16,78,35
16,79,35
16,81,35
17,72,35
17,73,35
17,74,35
17,75,35
17,77,35
17,78,35
18,67,35
18,68,35
18,69,35
18,70,35
18,71,35
18,72,35
18,73,35
18,74,35
18,75,35
18,76,35
19,63,35
19,65,35
19,66,35
19,68,35
19,69,35
19,70,35
19,71,35
20,64,35
20,65,35
20,66,35
20,67,35
21,60,35
21,61,35
21,62,35
22,56,35
22,58,35
22,61,35
36,36,35
39,36,35
39,37,35
39,38,35
40,37,35
41,36,35
41,37,35
42,36,35
42,37,35
42,38,35
43,36,35
43,37,35
44,36,35
45,35,35
45,36,35
14,82,34
14,84,34
14,85,34
14,86,34
14,87,34
14,88,34
15,80,34
15,81,34
15,82,34
15,83,34
15,84,34
15,85,34
15,86,34
16,74,34
16,76,34
16,77,34
16,78,34
16,79,34
16,80,34
16,81,34
16,82,34
17,68,34
17,72,34
17,73,34
17,74,34
17,75,34
17,76,34
17,77,34
17,78,34
17,80,34
18,68,34
18,69,34
18,70,34
18,71,34
18,72,34
18,73,34
18,74,34
18,75,34
19,68,34
20,64,34
20,65,34
20,70,34
21,61,34
21,64,34
22,61,34
39,36,34
41,36,34
41,37,34
42,36,34
42,37,34
42,38,34
43,37,34
45,35,34
45,36,34
46,34,34
46,37,34
47,35,34
47,36,34
47,37,34
48,35,34
48,36,34
49,35,34
52,35,34
14,84,33
14,85,33
14,86,33
14,87,33
14,88,33
15,79,33
15,80,33
15,81,33
15,82,33
15,83,33
15,84,33
15,85,33
15,86,33
16,77,33
16,78,33
16,79,33
16,80,33
16,81,33
16,82,33
16,83,33
17,71,33
17,74,33
17,75,33
17,76,33
17,78,33
17,79,33
17,81,33
17,83,33
18,73,33
18,74,33
18,76,33
18,77,33
19,68,33
21,64,33
40,35,33
40,36,33
41,35,33
41,36,33
41,37,33
41,38,33
42,37,33
42,38,33
44,37,33
45,36,33
47,35,33
47,36,33
48,35,33
48,36,33
49,35,33
49,36,33
50,35,33
50,36,33
52,35,33
54,35,33
13,87,32
14,85,32
14,86,32
15,78,32
15,79,32
15,81,32
15,82,32
15,83,32
15,85,32
15,86,32
16,76,32
16,77,32
16,78,32
16,79,32
16,80,32
16,81,32
16,82,32
16,83,32
16,84,32
17,79,32
17,80,32
40,35,32
41,36,32
41,38,32
47,35,32
47,36,32
48,34,32
48,35,32
48,36,32
49,34,32
49,35,32
49,36,32
50,35,32
50,36,32
51,34,32
51,35,32
52,35,32
53,34,32
53,35,32
56,34,32
14,78,31
14,81,31
14,83,31
14,84,31
14,85,31
14,86,31
14,87,31
15,77,31
15,78,31
15,81,31
15,83,31
15,84,31
15,85,31
15,86,31
16,75,31
16,79,31
16,81,31
16,83,31
16,85,31
17,79,31
17,80,31
17,81,31
17,83,31
18,72,31
18,77,31
19,63,31
19,76,31
39,35,31
40,36,31
45,35,31
46,33,31
46,35,31
46,36,31
46,37,31
47,34,31
47,35,31
47,36,31
48,34,31
48,35,31
48,36,31
49,35,31
49,36,31
50,35,31
51,34,31
51,35,31
51,36,31
52,34,31
52,35,31
53,34,31
53,35,31
54,34,31
55,33,31
55,34,31
56,34,31
57,33,31
62,34,31
15,83,30
46,34,30
50,34,30
50,35,30
51,35,30
51,36,30
52,35,30
53,34,30
53,35,30
54,34,30
55,33,30
55,34,30
56,33,30
56,34,30
45,34,29
49,33,29
51,33,29
54,33,29
54,34,29
54,35,29
55,34,29
56,33,29
56,34,29
57,33,29
57,34,29
58,33,29
59,33,29
60,32,29
60,34,29
61,32,29
53,34,28
55,33,28
55,34,28
55,35,28
56,33,28
56,34,28
58,33,28
59,33,28
60,32,28
60,33,28
61,33,28
54,35,27
57,33,27
58,32,27
58,34,27
59,33,27
59,34,27
60,32,27
60,33,27
61,32,27
61,33,27
62,32,27
62,33,27
63,33,27
64,32,27
65,32,27
66,31,27
67,31,27
69,31,27
70,29,27
72,33,27
57,34,26
59,32,26
59,33,26
59,34,26
60,32,26
61,32,26
61,33,26
62,32,26
63,32,26
64,32,26
64,33,26
65,31,26
65,32,26
66,31,26
66,32,26
66,33,26
67,32,26
68,30,26
68,32,26
69,30,26
69,31,26
70,30,26
71,32,26
71,33,26
62,32,25
63,32,25
63,33,25
64,32,25
65,31,25
65,32,25
66,32,25
67,31,25
67,32,25
68,31,25
69,30,25
69,31,25
69,32,25
70,32,25
64,31,24
64,32,24
65,31,24
65,32,24
65,33,24
66,31,24
66,32,24
67,31,24
67,32,24
68,31,24
68,32,24
69,30,24
69,31,24
69,32,24
63,32,23
64,31,23
64,32,23
65,31,23
66,31,23
67,31,23
67,32,23
68,31,23
68,32,23
69,31,23
62,32,22
63,31,22
63,32,22
64,32,22
66,30,22
66,31,22
66,32,22
67,31,22
67,32,22
67,33,22
68,31,22
68,32,22
69,31,22
60,32,21
62,31,21
62,32,21
63,32,21
64,30,21
64,32,21
65,29,21
65,31,21
65,32,21
66,31,21
66,32,21
66,33,21
66,34,21
66,35,21
67,28,21
67,30,21
67,31,21
67,33,21
68,31,21
68,32,21
