62,5,66
63,5,66
64,5,66
65,5,66
65,6,66
66,4,66
13,69,26
13,70,26
14,69,26
14,70,26
15,69,26
15,71,26
15,72,26
15,73,26
16,72,26
16,73,26
17,70,26
17,72,26
17,73,26
18,70,26
20,64,26
25,61,26
28,55,26
60,26,26
61,27,26
63,27,26
64,22,26
64,28,26
14,72,24
15,69,24
15,70,24
15,71,24
15,72,24
16,69,24
16,70,24
16,71,24
17,69,24
17,70,24
17,71,24
17,72,24
18,69,24
18,70,24
18,71,24
18,72,24
20,68,24
21,67,24
22,65,24
24,64,24
26,61,24
60,25,24
15,71,23
16,69,23
16,70,23
16,71,23
17,69,23
17,70,23
17,71,23
18,69,23
18,70,23
18,71,23
20,67,23
21,67,23
24,64,23
28,61,23
15,71,22
15,72,22
15,73,22
16,69,22
16,70,22
16,71,22
17,68,22
17,69,22
17,70,22
17,71,22
18,68,22
18,69,22
18,70,22
18,71,22
19,68,22
19,69,22
19,71,22
20,67,22
20,68,22
21,66,22
21,67,22
21,68,22
22,65,22
24,64,22
25,63,22
28,61,22
28,62,22
30,58,22
34,53,22
14,72,21
15,71,21
15,72,21
15,73,21
16,70,21
16,71,21
16,72,21
17,69,21
17,70,21
17,72,21
18,68,21
18,69,21
18,70,21
18,71,21
19,65,21
19,67,21
19,68,21
19,69,21
19,70,21
20,66,21
20,67,21
20,68,21
20,69,21
21,65,21
21,66,21
21,67,21
21,68,21
22,66,21
22,67,21
22,68,21
23,65,21
24,63,21
24,64,21
25,62,21
25,63,21
25,64,21
25,65,21
27,61,21
27,62,21
28,61,21
28,62,21
29,58,21
29,59,21
30,59,21
31,57,21
31,59,21
32,55,21
33,53,21
33,56,21
33,57,21
34,55,21
34,56,21
35,53,21
35,54,21
35,55,21
37,49,21
38,53,21
39,50,21
41,49,21
42,48,21
42,49,21
45,46,21
15,71,20
16,69,20
16,70,20
16,72,20
17,68,20
17,69,20
17,70,20
18,68,20
18,69,20
18,70,20
18,71,20
19,66,20
19,67,20
19,68,20
19,69,20
20,65,20
20,66,20
20,67,20
20,68,20
20,69,20
21,66,20
21,67,20
21,68,20
22,65,20
22,66,20
22,68,20
24,63,20
24,64,20
24,65,20
25,62,20
25,63,20
25,64,20
26,62,20
27,60,20
28,60,20
28,61,20
29,59,20
30,58,20
31,57,20
31,59,20
32,55,20
32,57,20
33,55,20
33,57,20
34,54,20
34,55,20
35,53,20
35,54,20
36,55,20
37,52,20
37,53,20
38,52,20
38,53,20
39,51,20
40,50,20
40,51,20
41,49,20
41,50,20
42,47,20
42,48,20
42,49,20
42,50,20
43,46,20
43,49,20
44,45,20
45,44,20
45,45,20
45,46,20
48,43,20
49,45,20
15,71,19
16,68,19
16,69,19
16,70,19
17,67,19
17,68,19
18,68,19
18,69,19
20,65,19
20,66,19
20,69,19
21,66,19
21,67,19
22,66,19
22,67,19
23,64,19
23,66,19
24,63,19
24,64,19
25,63,19
25,64,19
26,62,19
27,60,19
28,61,19
28,62,19
29,58,19
29,59,19
29,63,19
30,58,19
31,56,19
31,58,19
32,57,19
32,58,19
33,56,19
33,57,19
34,55,19
35,53,19
35,54,19
35,55,19
36,52,19
37,52,19
37,53,19
37,54,19
38,51,19
38,52,19
39,50,19
40,49,19
41,47,19
41,48,19
41,49,19
42,46,19
42,47,19
42,48,19
42,49,19
43,47,19
44,45,19
44,49,19
45,44,19
45,45,19
45,46,19
46,44,19
48,43,19
49,43,19
16,69,18
16,71,18
17,68,18
17,69,18
18,71,18
19,69,18
20,65,18
20,66,18
21,64,18
21,65,18
21,66,18
21,67,18
21,68,18
22,65,18
22,67,18
22,68,18
22,69,18
23,64,18
23,65,18
23,67,18
24,63,18
24,64,18
24,66,18
26,62,18
27,60,18
28,59,18
28,60,18
28,61,18
28,62,18
29,63,18
30,58,18
30,59,18
31,55,18
31,56,18
32,55,18
32,57,18
33,54,18
33,55,18
33,56,18
33,57,18
34,54,18
34,55,18
35,52,18
35,53,18
35,54,18
35,55,18
36,52,18
36,53,18
37,51,18
37,53,18
38,52,18
39,50,18
39,51,18
40,48,18
41,47,18
41,48,18
41,49,18
41,50,18
42,46,18
42,47,18
42,48,18
42,50,18
43,45,18
43,46,18
43,47,18
43,48,18
44,45,18
44,47,18
45,44,18
45,45,18
45,46,18
46,44,18
48,42,18
48,44,18
15,69,17
16,67,17
16,69,17
16,71,17
17,70,17
18,67,17
18,68,17
18,71,17
19,64,17
19,69,17
20,64,17
20,65,17
20,67,17
20,68,17
20,69,17
21,63,17
21,65,17
21,66,17
21,67,17
22,63,17
22,66,17
22,67,17
23,63,17
23,65,17
23,67,17
23,68,17
23,69,17
24,61,17
24,62,17
24,63,17
24,64,17
24,65,17
24,67,17
24,68,17
25,61,17
25,63,17
25,64,17
26,58,17
26,63,17
27,57,17
27,58,17
27,60,17
27,61,17
28,57,17
28,60,17
29,58,17
30,56,17
30,57,17
30,58,17
30,59,17
30,66,17
31,53,17
31,54,17
31,55,17
31,56,17
32,52,17
32,54,17
32,55,17
32,57,17
33,54,17
33,55,17
33,56,17
33,57,17
34,52,17
34,53,17
34,54,17
34,55,17
34,56,17
35,53,17
35,54,17
35,55,17
36,52,17
36,53,17
37,51,17
38,52,17
38,53,17
38,54,17
39,49,17
39,50,17
40,47,17
40,48,17
40,49,17
40,51,17
40,52,17
41,47,17
41,48,17
41,49,17
41,50,17
42,45,17
42,47,17
42,48,17
42,49,17
42,50,17
43,45,17
43,46,17
43,47,17
43,48,17
44,45,17
44,46,17
45,43,17
45,44,17
45,45,17
45,46,17
45,48,17
46,44,17
46,46,17
48,41,17
48,42,17
48,43,17
49,45,17
50,38,17
51,39,17
52,46,17
16,68,16
17,70,16
18,63,16
18,69,16
19,66,16
20,65,16
20,69,16
21,66,16
21,67,16
23,62,16
23,64,16
23,65,16
23,66,16
23,67,16
23,69,16
24,62,16
24,69,16
25,64,16
25,65,16
25,67,16
26,59,16
27,67,16
28,56,16
29,57,16
30,55,16
30,58,16
32,51,16
32,56,16
32,57,16
33,52,16
33,53,16
33,55,16
33,56,16
34,52,16
34,54,16
35,53,16
35,54,16
36,50,16
36,52,16
36,53,16
37,50,16
37,51,16
37,52,16
38,49,16
38,50,16
38,52,16
38,54,16
39,46,16
39,49,16
39,50,16
39,51,16
40,47,16
40,48,16
40,49,16
40,51,16
41,48,16
41,49,16
42,45,16
42,46,16
42,47,16
42,48,16
42,50,16
43,44,16
43,45,16
43,46,16
43,47,16
43,50,16
44,44,16
44,45,16
44,46,16
45,43,16
45,44,16
45,45,16
45,46,16
46,43,16
46,44,16
46,45,16
46,46,16
47,42,16
47,44,16
48,41,16
48,43,16
50,42,16
