50,17,91
51,21,91
52,18,91
52,21,91
52,23,91
52,24,91
53,22,91
53,24,91
54,22,91
54,24,91
55,24,91
56,23,91
56,24,91
58,23,91
58,24,91
58,26,91
59,24,91
59,25,91
59,26,91
60,23,91
60,25,91
60,26,91
61,24,91
61,25,91
62,22,91
62,23,91
62,24,91
62,25,91
63,22,91
63,23,91
63,24,91
64,22,91
64,25,91
65,20,91
65,22,91
66,21,91
67,21,91
51,16,89
52,16,89
54,23,89
55,20,89
56,21,89
56,23,89
57,21,89
58,18,89
58,19,89
58,20,89
58,21,89
58,22,89
59,18,89
59,19,89
59,20,89
59,21,89
59,22,89
59,23,89
59,24,89
60,19,89
60,21,89
60,24,89
61,22,89
62,21,89
62,22,89
62,23,89
63,20,89
63,21,89
56,19,88
56,20,88
56,21,88
56,22,88
57,19,88
57,20,88
57,21,88
58,18,88
58,19,88
58,20,88
58,21,88
58,22,88
59,17,88
59,18,88
59,19,88
59,20,88
59,21,88
59,22,88
59,23,88
60,19,88
60,20,88
60,21,88
60,22,88
60,24,88
61,20,88
61,21,88
61,22,88
62,21,88
62,22,88
63,18,88
63,19,88
63,20,88
63,21,88
64,15,88
54,23,87
55,18,87
56,18,87
57,17,87
57,18,87
57,19,87
57,20,87
57,21,87
57,22,87
58,17,87
58,18,87
58,19,87
58,20,87
58,21,87
58,22,87
59,17,87
59,19,87
59,20,87
59,21,87
59,22,87
59,23,87
60,19,87
60,20,87
60,21,87
60,22,87
61,17,87
61,21,87
62,20,87
54,20,86
54,22,86
55,18,86
55,19,86
55,20,86
55,22,86
56,18,86
56,19,86
56,20,86
56,21,86
56,22,86
57,18,86
57,19,86
57,20,86
57,21,86
57,22,86
58,18,86
58,19,86
58,20,86
58,21,86
58,22,86
59,17,86
59,19,86
59,20,86
59,21,86
59,22,86
60,19,86
60,20,86
60,21,86
61,17,86
61,20,86
62,20,86
55,20,85
56,19,85
57,19,85
57,20,85
57,21,85
57,22,85
58,19,85
58,20,85
58,21,85
58,22,85
59,19,85
59,20,85
59,21,85
59,22,85
60,19,85
60,21,85
56,21,84
57,19,84
57,20,84
57,21,84
57,22,84
58,19,84
58,20,84
58,21,84
58,22,84
59,18,84
59,19,84
59,20,84
59,21,84
59,22,84
60,20,84
60,21,84
56,20,83
56,21,83
56,22,83
57,19,83
57,20,83
57,21,83
57,22,83
58,20,83
58,21,83
58,22,83
58,23,83
59,19,83
59,20,83
59,21,83
60,19,83
60,20,83
55,21,82
56,20,82
56,21,82
56,22,82
57,18,82
57,20,82
57,21,82
57,22,82
57,23,82
57,24,82
58,19,82
58,20,82
58,21,82
58,23,82
59,18,82
59,19,82
59,20,82
59,21,82
59,22,82
59,23,82
59,24,82
60,20,82
60,21,82
60,22,82
56,22,81
56,23,81
57,20,81
57,21,81
57,22,81
58,19,81
58,20,81
58,22,81
58,23,81
59,20,81
59,21,81
59,22,81
59,23,81
53,22,80
54,20,80
54,22,80
55,21,80
55,22,80
55,23,80
55,24,80
56,20,80
56,21,80
56,22,80
56,23,80
57,18,80
57,19,80
57,20,80
57,21,80
57,22,80
57,23,80
58,18,80
58,19,80
58,20,80
58,21,80
58,22,80
58,23,80
59,19,80
59,20,80
59,21,80
59,22,80
59,23,80
60,19,80
60,22,80
60,23,80
64,24,80
50,23,79
51,23,79
52,19,79
53,23,79
54,22,79
54,23,79
55,20,79
55,21,79
55,22,79
55,23,79
56,18,79
56,20,79
56,21,79
56,22,79
56,23,79
56,24,79
56,25,79
57,18,79
57,19,79
57,20,79
57,21,79
57,22,79
57,23,79
57,24,79
57,25,79
58,18,79
58,19,79
58,20,79
58,21,79
58,22,79
58,23,79
58,24,79
58,25,79
59,19,79
59,20,79
59,21,79
59,22,79
59,23,79
59,24,79
59,25,79
59,27,79
60,20,79
60,21,79
60,22,79
60,23,79
60,24,79
60,25,79
61,20,79
61,22,79
61,23,79
62,23,79
62,24,79
53,23,78
55,22,78
55,25,78
56,18,78
56,19,78
56,21,78
56,22,78
56,24,78
57,21,78
57,22,78
57,24,78
58,20,78
58,21,78
58,22,78
58,23,78
58,24,78
59,20,78
59,21,78
59,22,78
59,23,78
60,20,78
60,23,78
61,23,78
52,18,77
55,23,77
56,22,77
56,23,77
56,24,77
57,20,77
57,22,77
57,23,77
57,24,77
57,25,77
58,21,77
58,22,77
58,23,77
58,24,77
59,21,77
59,22,77
59,23,77
60,19,77
60,20,77
60,21,77
60,23,77
60,24,77
61,19,77
53,24,76
53,26,76
54,23,76
54,24,76
55,18,76
55,23,76
55,24,76
56,22,76
56,24,76
56,25,76
57,21,76
57,22,76
57,23,76
57,24,76
57,25,76
58,17,76
58,20,76
58,21,76
58,22,76
58,23,76
58,24,76
58,26,76
59,21,76
59,22,76
59,23,76
59,24,76
60,20,76
60,21,76
60,22,76
60,24,76
60,25,76
60,26,76
60,28,76
61,18,76
61,22,76
61,24,76
62,19,76
62,22,76
63,23,76
55,24,75
55,27,75
56,22,75
56,24,75
56,25,75
56,26,75
56,27,75
57,20,75
57,21,75
57,22,75
57,23,75
57,24,75
57,25,75
57,26,75
58,17,75
58,18,75
58,22,75
58,23,75
58,24,75
58,25,75
58,26,75
59,22,75
59,23,75
59,24,75
59,25,75
59,26,75
59,27,75
60,21,75
60,22,75
60,23,75
61,18,75
61,20,75
61,22,75
61,23,75
62,19,75
63,20,75
63,22,75
63,24,75
54,23,74
55,23,74
55,24,74
56,21,74
56,22,74
56,23,74
56,25,74
56,26,74
57,21,74
57,23,74
57,24,74
57,25,74
57,26,74
58,23,74
58,24,74
58,25,74
58,26,74
59,21,74
59,22,74
59,23,74
59,24,74
59,25,74
59,26,74
60,22,74
60,23,74
60,24,74
61,20,74
64,23,74
54,24,73
55,24,73
56,20,73
56,21,73
56,22,73
56,23,73
56,24,73
56,25,73
57,22,73
57,23,73
57,24,73
57,25,73
57,26,73
58,23,73
58,24,73
58,25,73
58,26,73
59,22,73
59,23,73
59,24,73
59,25,73
59,26,73
60,23,73
60,25,73
62,22,73
50,25,72
53,22,72
54,23,72
54,24,72
54,25,72
54,29,72
55,21,72
55,23,72
55,25,72
56,21,72
56,22,72
56,23,72
56,24,72
56,25,72
56,26,72
56,27,72
56,28,72
57,22,72
57,23,72
57,24,72
57,25,72
57,26,72
57,27,72
57,29,72
58,21,72
58,23,72
58,24,72
58,25,72
58,26,72
58,27,72
58,28,72
59,22,72
59,25,72
59,26,72
59,28,72
60,22,72
61,20,72
55,24,71
56,25,71
56,27,71
57,25,71
57,26,71
57,27,71
58,21,71
58,25,71
58,26,71
58,27,71
59,25,71
59,27,71
60,26,71
56,25,70
56,26,70
57,22,70
57,24,70
57,25,70
57,26,70
58,23,70
58,24,70
58,25,70
58,26,70
59,23,70
59,24,70
59,25,70
59,26,70
53,23,69
53,24,69
53,25,69
54,24,69
54,29,69
55,26,69
55,28,69
55,29,69
56,23,69
56,24,69
56,26,69
56,28,69
56,29,69
57,22,69
57,23,69
57,24,69
57,25,69
57,26,69
57,27,69
57,28,69
57,30,69
58,22,69
58,23,69
58,24,69
58,25,69
58,26,69
58,27,69
59,21,69
59,22,69
59,23,69
59,24,69
59,26,69
59,27,69
59,28,69
59,29,69
60,23,69
60,27,69
60,30,69
53,26,68
54,26,68
55,25,68
55,26,68
56,25,68
56,26,68
56,28,68
57,23,68
57,24,68
57,25,68
57,26,68
57,27,68
57,28,68
58,24,68
58,25,68
58,26,68
58,27,68
58,28,68
59,22,68
59,25,68
59,26,68
59,28,68
55,25,67
56,27,67
56,28,67
57,24,67
57,25,67
57,26,67
58,24,67
58,25,67
58,26,67
58,27,67
58,28,67
59,25,67
52,25,66
53,25,66
55,25,66
55,26,66
55,27,66
56,25,66
56,26,66
56,27,66
57,24,66
57,25,66
57,26,66
57,27,66
57,28,66
57,30,66
58,24,66
58,25,66
58,26,66
58,27,66
58,29,66
58,30,66
59,23,66
59,24,66
59,25,66
59,26,66
59,27,66
59,28,66
59,29,66
60,22,66
60,23,66
60,24,66
60,26,66
60,27,66
60,28,66
60,29,66
61,25,66
54,26,65
55,26,65
56,23,65
56,24,65
56,25,65
56,26,65
56,27,65
57,23,65
57,25,65
57,26,65
57,27,65
57,28,65
57,29,65
58,23,65
58,26,65
58,27,65
58,28,65
58,29,65
59,25,65
59,28,65
59,29,65
56,23,64
56,24,64
56,26,64
56,27,64
56,30,64
57,25,64
57,26,64
57,27,64
57,28,64
57,29,64
58,26,64
58,27,64
58,28,64
58,29,64
59,25,64
59,28,64
60,28,64
61,28,64
55,25,63
55,26,63
55,29,63
56,25,63
56,26,63
56,27,63
56,28,63
56,29,63
57,25,63
57,26,63
57,27,63
57,28,63
57,29,63
58,24,63
58,26,63
58,27,63
58,28,63
59,24,63
59,26,63
59,27,63
60,24,63
54,27,62
54,28,62
54,29,62
54,30,62
54,31,62
55,25,62
55,26,62
55,27,62
55,28,62
55,29,62
55,30,62
56,26,62
56,27,62
56,28,62
56,29,62
56,30,62
57,24,62
57,25,62
57,26,62
57,27,62
57,28,62
57,29,62
57,30,62
57,31,62
57,35,62
58,22,62
58,23,62
58,24,62
58,26,62
58,27,62
58,28,62
58,29,62
58,30,62
58,31,62
59,24,62
59,25,62
59,26,62
59,28,62
59,29,62
60,23,62
60,24,62
60,25,62
60,28,62
60,29,62
61,35,62
62,25,62
65,25,62
49,31,61
50,31,61
51,28,61
51,30,61
52,28,61
52,30,61
54,30,61
55,30,61
56,28,61
56,29,61
56,30,61
57,27,61
57,28,61
57,29,61
57,31,61
57,32,61
58,21,61
58,28,61
58,29,61
58,30,61
58,31,61
58,33,61
59,25,61
59,27,61
59,28,61
59,30,61
59,31,61
60,28,61
54,31,60
55,28,60
55,29,60
55,30,60
56,27,60
56,28,60
56,29,60
57,27,60
57,28,60
57,29,60
57,30,60
57,31,60
58,27,60
58,28,60
58,29,60
59,27,60
59,29,60
59,30,60
60,30,60
60,31,60
54,27,59
54,28,59
54,29,59
54,30,59
55,26,59
55,27,59
55,28,59
55,29,59
55,30,59
55,31,59
56,27,59
56,28,59
56,29,59
56,30,59
56,31,59
57,27,59
57,28,59
57,29,59
57,30,59
57,31,59
58,26,59
58,27,59
58,28,59
58,29,59
58,31,59
58,32,59
59,26,59
59,28,59
59,29,59
60,29,59
52,26,58
52,27,58
53,27,58
55,28,58
55,31,58
56,28,58
56,29,58
57,25,58
57,27,58
57,28,58
57,29,58
57,30,58
57,31,58
58,27,58
58,28,58
58,29,58
58,30,58
58,31,58
59,26,58
59,29,58
59,30,58
59,31,58
60,26,58
54,28,57
54,32,57
55,27,57
55,28,57
55,29,57
56,25,57
56,27,57
56,28,57
56,29,57
56,30,57
57,27,57
57,28,57
57,30,57
57,31,57
58,28,57
58,29,57
58,30,57
59,26,57
59,27,57
59,28,57
59,29,57
59,31,57
60,28,57
53,32,56
54,28,56
54,32,56
55,26,56
55,30,56
55,31,56
55,32,56
55,33,56
56,26,56
56,29,56
56,30,56
56,31,56
56,32,56
57,26,56
57,28,56
57,29,56
57,30,56
57,31,56
57,32,56
58,26,56
58,27,56
58,28,56
58,29,56
58,30,56
58,31,56
59,29,56
59,30,56
59,31,56
60,25,56
62,28,56
62,29,56
55,30,55
55,31,55
55,32,55
55,33,55
56,27,55
56,29,55
56,30,55
56,31,55
56,32,55
57,28,55
57,29,55
57,30,55
57,31,55
57,32,55
58,25,55
58,28,55
58,30,55
58,31,55
59,27,55
59,28,55
59,29,55
59,30,55
59,31,55
60,28,55
60,29,55
60,31,55
52,30,54
53,30,54
56,27,54
56,29,54
56,30,54
56,31,54
56,32,54
57,27,54
57,28,54
57,29,54
57,30,54
57,31,54
57,32,54
58,23,54
58,27,54
58,28,54
58,29,54
58,30,54
58,31,54
58,32,54
58,34,54
58,35,54
59,28,54
59,29,54
59,30,54
59,31,54
60,28,54
60,29,54
60,30,54
60,31,54
61,26,54
61,27,54
61,28,54
62,28,54
62,30,54
63,28,54
36,19,45
56,44,45
56,67,45
57,48,45
57,49,45
57,50,45
57,51,45
57,53,45
57,54,45
57,64,45
58,47,45
58,50,45
58,51,45
58,52,45
58,53,45
58,54,45
58,56,45
58,57,45
58,58,45
58,59,45
58,61,45
58,62,45
58,64,45
58,66,45
58,87,45
58,90,45
58,91,45
59,48,45
59,50,45
59,53,45
59,54,45
59,56,45
59,57,45
59,58,45
59,59,45
59,60,45
59,61,45
59,62,45
59,64,45
59,65,45
59,66,45
59,73,45
59,77,45
60,44,45
60,51,45
60,55,45
60,56,45
60,58,45
60,61,45
60,63,45
60,66,45
60,68,45
60,70,45
60,77,45
60,83,45
60,89,45
60,90,45
61,51,45
61,55,45
61,69,45
61,70,45
61,71,45
61,72,45
61,75,45
61,76,45
61,77,45
61,85,45
61,86,45
61,87,45
61,88,45
61,90,45
62,83,45
62,87,45
62,88,45
62,89,45
62,90,45
63,49,45
63,86,45
64,49,45
64,88,45
64,89,45
57,44,44
57,49,44
57,50,44
57,52,44
57,53,44
58,44,44
58,47,44
58,50,44
58,51,44
58,52,44
58,53,44
58,54,44
58,56,44
58,57,44
58,58,44
58,59,44
58,60,44
58,62,44
58,64,44
58,87,44
59,47,44
59,48,44
59,50,44
59,54,44
59,55,44
59,56,44
59,57,44
59,58,44
59,59,44
59,61,44
59,62,44
59,63,44
59,65,44
59,66,44
59,67,44
59,71,44
60,62,44
60,63,44
60,65,44
60,66,44
60,68,44
60,69,44
60,70,44
60,71,44
60,76,44
60,77,44
61,62,44
61,74,44
61,75,44
61,76,44
61,77,44
61,84,44
61,85,44
61,86,44
61,87,44
61,88,44
61,89,44
61,90,44
62,85,44
62,86,44
62,87,44
62,88,44
62,89,44
56,48,43
56,49,43
56,53,43
57,43,43
57,44,43
57,47,43
57,49,43
57,50,43
57,51,43
57,52,43
57,53,43
58,43,43
58,47,43
58,48,43
58,49,43
58,50,43
58,51,43
58,52,43
58,53,43
58,54,43
58,55,43
58,56,43
58,57,43
58,58,43
58,59,43
58,61,43
58,62,43
58,63,43
58,66,43
59,49,43
59,52,43
59,53,43
59,54,43
59,55,43
59,56,43
59,57,43
59,58,43
59,59,43
59,60,43
59,61,43
59,62,43
59,63,43
59,64,43
59,65,43
59,66,43
59,68,43
59,69,43
59,70,43
59,74,43
59,77,43
59,86,43
60,52,43
60,58,43
60,60,43
60,61,43
60,62,43
60,63,43
60,64,43
60,65,43
60,66,43
60,67,43
60,68,43
60,69,43
60,70,43
60,71,43
60,72,43
60,73,43
60,74,43
60,75,43
60,76,43
60,77,43
60,81,43
60,84,43
60,85,43
60,86,43
61,53,43
61,66,43
61,76,43
61,77,43
61,80,43
61,82,43
61,83,43
61,84,43
61,85,43
61,86,43
61,87,43
61,88,43
61,89,43
62,83,43
62,85,43
62,86,43
62,87,43
62,88,43
62,89,43
65,87,43
47,33,42
55,48,42
56,47,42
56,50,42
56,53,42
57,47,42
57,50,42
57,51,42
57,53,42
58,49,42
58,50,42
58,51,42
58,52,42
58,53,42
58,54,42
58,55,42
58,57,42
58,58,42
58,59,42
58,60,42
58,62,42
58,63,42
59,48,42
59,52,42
59,55,42
59,57,42
59,58,42
59,59,42
59,60,42
59,61,42
59,62,42
59,63,42
59,65,42
59,66,42
59,67,42
59,68,42
59,69,42
59,70,42
59,74,42
59,76,42
59,77,42
60,55,42
60,62,42
60,65,42
60,66,42
60,67,42
60,68,42
60,69,42
60,70,42
60,71,42
60,72,42
60,73,42
60,74,42
60,75,42
60,76,42
60,79,42
60,81,42
60,83,42
60,84,42
60,85,42
60,87,42
61,68,42
61,71,42
61,74,42
61,75,42
61,76,42
61,80,42
61,82,42
61,83,42
61,84,42
61,85,42
61,86,42
61,87,42
61,88,42
61,89,42
62,83,42
62,85,42
62,87,42
62,88,42
55,46,41
56,49,41
57,51,41
57,53,41
57,56,41
57,57,41
58,52,41
58,53,41
58,56,41
58,57,41
58,58,41
58,61,41
58,65,41
58,68,41
59,50,41
59,55,41
59,57,41
59,60,41
59,62,41
59,65,41
59,66,41
59,67,41
59,68,41
59,69,41
59,81,41
60,64,41
60,65,41
60,67,41
60,69,41
60,70,41
60,74,41
60,76,41
60,78,41
60,79,41
60,83,41
60,84,41
60,85,41
60,88,41
61,70,41
61,71,41
61,74,41
61,76,41
61,78,41
61,79,41
61,80,41
61,81,41
61,82,41
61,83,41
61,84,41
61,85,41
61,86,41
61,87,41
61,88,41
61,89,41
62,84,41
62,85,41
62,87,41
62,88,41
38,28,40
48,31,40
54,46,40
56,57,40
57,47,40
57,52,40
57,57,40
58,52,40
58,56,40
58,61,40
58,65,40
58,67,40
58,73,40
59,49,40
59,50,40
59,51,40
59,52,40
59,53,40
59,55,40
59,56,40
59,57,40
59,59,40
59,62,40
59,67,40
59,69,40
59,70,40
59,76,40
59,83,40
60,54,40
60,55,40
60,64,40
60,66,40
60,68,40
60,69,40
60,70,40
60,75,40
60,76,40
60,77,40
60,81,40
60,82,40
60,83,40
60,85,40
60,86,40
60,87,40
61,74,40
61,75,40
61,76,40
61,77,40
61,78,40
61,79,40
61,80,40
61,81,40
61,82,40
61,83,40
61,84,40
61,85,40
61,86,40
61,87,40
62,67,40
62,74,40
62,75,40
62,80,40
62,82,40
62,83,40
62,84,40
62,85,40
62,87,40
62,88,40
73,26,40
34,25,39
38,26,39
38,27,39
40,28,39
40,29,39
44,30,39
49,30,39
49,31,39
57,52,39
58,70,39
59,62,39
59,76,39
59,81,39
59,83,39
60,51,39
60,54,39
60,65,39
60,69,39
60,72,39
60,76,39
60,78,39
60,79,39
60,80,39
60,82,39
60,83,39
60,84,39
60,86,39
61,74,39
61,75,39
61,76,39
61,78,39
61,79,39
61,80,39
61,81,39
61,82,39
61,83,39
61,85,39
62,67,39
62,82,39
62,86,39
62,87,39
62,88,39
63,67,39
63,74,39
63,77,39
63,86,39
63,87,39
69,27,39
29,20,38
34,25,38
35,26,38
35,29,38
39,27,38
39,28,38
39,29,38
39,30,38
40,28,38
40,29,38
41,28,38
41,29,38
43,29,38
44,28,38
45,28,38
45,29,38
47,29,38
47,31,38
49,31,38
50,31,38
51,31,38
55,76,38
56,62,38
56,69,38
56,81,38
57,52,38
57,62,38
57,69,38
57,75,38
58,69,38
58,81,38
58,84,38
59,76,38
59,80,38
59,86,38
60,28,38
60,50,38
60,51,38
60,54,38
60,69,38
60,73,38
60,76,38
60,78,38
60,81,38
60,83,38
60,85,38
60,86,38
61,75,38
61,76,38
61,79,38
61,80,38
61,81,38
61,82,38
61,83,38
61,84,38
62,59,38
62,75,38
62,76,38
62,80,38
62,86,38
62,87,38
63,75,38
63,77,38
63,83,38
63,87,38
64,75,38
65,27,38
65,28,38
65,83,38
66,27,38
67,27,38
68,27,38
68,28,38
68,29,38
69,29,38
71,23,38
71,26,38
73,23,38
74,29,38
30,21,37
34,26,37
35,26,37
36,26,37
36,27,37
36,28,37
37,26,37
37,27,37
38,26,37
38,27,37
39,26,37
39,27,37
39,28,37
39,29,37
40,28,37
40,29,37
41,28,37
41,29,37
41,30,37
42,29,37
44,29,37
45,29,37
51,30,37
51,31,37
56,75,37
56,82,37
59,80,37
59,86,37
60,50,37
60,75,37
61,78,37
63,79,37
65,26,37
66,27,37
68,28,37
69,26,37
70,24,37
70,26,37
70,27,37
70,28,37
71,25,37
71,26,37
71,28,37
72,23,37
72,24,37
72,25,37
72,28,37
74,23,37
30,22,36
30,23,36
34,25,36
35,26,36
35,28,36
36,26,36
36,27,36
37,27,36
37,28,36
38,27,36
38,28,36
39,27,36
39,29,36
40,27,36
40,28,36
40,29,36
41,28,36
41,29,36
42,28,36
42,29,36
43,29,36
43,31,36
46,28,36
46,29,36
52,30,36
55,75,36
62,76,36
63,28,36
64,26,36
64,27,36
64,85,36
65,26,36
65,27,36
66,26,36
67,26,36
68,25,36
68,26,36
68,27,36
68,28,36
69,25,36
69,26,36
69,27,36
69,28,36
70,25,36
70,26,36
70,27,36
70,28,36
71,24,36
72,24,36
73,23,36
74,22,36
27,23,35
28,23,35
30,23,35
31,24,35
31,25,35
31,26,35
33,25,35
33,27,35
34,25,35
34,26,35
35,25,35
35,26,35
35,27,35
35,28,35
36,25,35
36,26,35
36,27,35
36,28,35
37,26,35
37,27,35
37,28,35
38,27,35
38,28,35
39,27,35
40,27,35
40,28,35
41,29,35
42,28,35
42,29,35
43,28,35
47,29,35
60,75,35
62,28,35
65,28,35
65,85,35
66,26,35
67,25,35
67,26,35
67,27,35
68,24,35
68,25,35
68,26,35
68,27,35
69,23,35
69,25,35
69,26,35
70,24,35
70,25,35
71,25,35
72,23,35
72,25,35
73,23,35
74,22,35
74,24,35
23,21,33
23,22,33
23,23,33
25,22,33
28,22,33
28,23,33
28,26,33
29,23,33
29,24,33
29,25,33
30,23,33
30,24,33
30,25,33
31,23,33
31,24,33
31,25,33
32,25,33
32,26,33
33,25,33
33,26,33
34,26,33
35,26,33
35,27,33
36,26,33
37,26,33
37,27,33
37,29,33
38,26,33
39,27,33
41,28,33
42,27,33
43,29,33
44,29,33
46,28,33
64,25,33
65,25,33
66,25,33
66,26,33
66,27,33
67,25,33
68,24,33
68,25,33
70,24,33
71,23,33
71,24,33
72,23,33
73,22,33
73,24,33
74,22,33
75,21,33
23,22,32
24,21,32
25,24,32
26,22,32
27,23,32
27,24,32
28,22,32
28,23,32
28,24,32
29,23,32
29,24,32
29,25,32
30,24,32
30,25,32
31,23,32
31,24,32
31,25,32
32,23,32
32,24,32
32,26,32
33,24,32
33,25,32
33,26,32
36,24,32
36,26,32
37,27,32
38,27,32
39,27,32
39,29,32
40,27,32
40,29,32
44,29,32
65,25,32
67,25,32
69,24,32
70,24,32
71,23,32
72,22,32
73,24,32
74,22,32
10,15,31
19,19,31
21,21,31
21,23,31
22,21,31
22,22,31
23,21,31
23,22,31
24,22,31
24,23,31
24,24,31
25,22,31
25,23,31
26,23,31
27,22,31
27,23,31
27,24,31
27,25,31
28,23,31
28,24,31
28,25,31
29,24,31
30,23,31
30,24,31
30,25,31
30,26,31
31,24,31
31,26,31
31,27,31
32,23,31
32,24,31
32,26,31
33,24,31
33,27,31
34,26,31
35,26,31
37,26,31
39,26,31
39,27,31
39,28,31
39,29,31
46,29,31
64,25,31
66,27,31
70,22,31
71,21,31
71,22,31
72,21,31
72,22,31
73,21,31
73,22,31
14,18,30
14,19,30
17,18,30
19,20,30
20,20,30
21,21,30
21,22,30
22,21,30
22,22,30
22,23,30
23,21,30
23,22,30
23,23,30
24,22,30
24,23,30
25,22,30
25,23,30
25,24,30
26,22,30
26,23,30
26,24,30
27,23,30
28,23,30
28,27,30
29,24,30
30,24,30
31,24,30
31,25,30
32,24,30
33,24,30
68,22,30
71,21,30
71,22,30
73,22,30
74,23,30
9,18,29
10,16,29
10,19,29
11,15,29
11,16,29
11,17,29
11,18,29
12,16,29
12,19,29
13,18,29
13,19,29
13,21,29
14,18,29
14,19,29
15,17,29
15,18,29
15,19,29
16,17,29
16,18,29
16,19,29
16,20,29
16,21,29
16,22,29
17,19,29
17,20,29
17,21,29
17,23,29
18,19,29
18,20,29
18,22,29
18,23,29
19,20,29
19,21,29
20,21,29
20,22,29
21,21,29
21,22,29
21,23,29
22,21,29
22,22,29
22,24,29
23,21,29
23,22,29
23,23,29
24,21,29
24,22,29
24,23,29
25,22,29
25,23,29
25,24,29
26,22,29
26,23,29
26,28,29
27,21,29
27,30,29
28,22,29
28,24,29
28,25,29
28,29,29
30,21,29
31,23,29
31,24,29
31,26,29
31,29,29
32,25,29
33,25,29
34,23,29
34,24,29
67,22,29
67,24,29
70,20,29
70,22,29
71,20,29
71,21,29
71,22,29
72,22,29
76,20,29
9,20,28
10,18,28
11,16,28
11,17,28
11,18,28
12,17,28
12,18,28
13,16,28
13,17,28
13,18,28
13,20,28
14,19,28
14,20,28
15,18,28
15,19,28
15,20,28
16,18,28
16,19,28
16,21,28
17,19,28
17,20,28
17,21,28
17,22,28
18,20,28
18,21,28
18,22,28
19,20,28
19,21,28
19,22,28
20,21,28
20,23,28
21,20,28
22,22,28
22,24,28
23,21,28
23,22,28
24,21,28
24,22,28
25,22,28
25,23,28
25,24,28
25,25,28
26,23,28
27,23,28
32,23,28
41,26,28
11,17,27
11,18,27
11,19,27
11,20,27
12,17,27
12,18,27
12,19,27
13,17,27
13,18,27
13,19,27
14,19,27
14,20,27
15,18,27
15,19,27
16,19,27
17,19,27
17,20,27
17,22,27
18,19,27
18,20,27
18,21,27
18,22,27
18,23,27
19,21,27
19,22,27
20,21,27
20,22,27
21,20,27
21,21,27
21,22,27
22,22,27
23,22,27
24,21,27
24,22,27
24,23,27
25,21,27
25,23,27
26,21,27
26,25,27
12,18,26
12,19,26
12,20,26
13,18,26
13,19,26
14,18,26
14,19,26
15,18,26
15,19,26
16,19,26
16,20,26
17,19,26
17,20,26
19,21,26
20,20,26
20,21,26
20,22,26
21,20,26
25,20,26
25,21,26
12,18,25
12,19,25
13,17,25
13,18,25
13,19,25
13,20,25
14,18,25
14,19,25
14,20,25
15,18,25
15,19,25
15,20,25
16,19,25
16,20,25
16,21,25
17,19,25
17,20,25
19,21,25
20,22,25
21,21,25
21,27,25
28,20,25
12,21,24
13,18,24
13,19,24
13,20,24
13,21,24
14,18,24
14,19,24
14,20,24
14,21,24
15,19,24
15,20,24
16,18,24
16,19,24
16,20,24
17,18,24
17,19,24
17,20,24
18,20,24
19,20,24
19,22,24
22,20,24
