70,31,67
71,29,67
71,30,67
71,31,67
72,30,67
72,32,67
72,33,67
73,31,67
73,32,67
73,33,67
73,34,67
73,37,67
74,32,67
74,33,67
74,37,67
74,38,67
75,37,67
75,38,67
76,34,67
76,35,67
76,36,67
76,37,67
77,36,67
77,38,67
77,39,67
77,40,67
78,32,67
78,34,67
78,35,67
78,39,67
78,40,67
79,31,67
79,32,67
79,33,67
79,34,67
79,35,67
79,36,67
79,37,67
79,38,67
79,41,67
80,33,67
81,37,67
81,38,67
81,40,67
82,39,67
82,40,67
83,38,67
83,39,67
84,38,67
84,40,67
84,41,67
85,38,67
85,39,67
85,40,67
85,41,67
86,37,67
86,38,67
86,39,67
87,35,67
87,37,67
87,39,67
88,35,67
88,37,67
73,30,66
73,33,66
73,34,66
74,30,66
74,33,66
74,34,66
74,37,66
75,37,66
76,31,66
76,32,66
76,35,66
76,36,66
76,37,66
77,32,66
77,35,66
77,37,66
77,39,66
78,32,66
78,33,66
78,34,66
78,36,66
78,37,66
78,38,66
79,31,66
79,32,66
79,33,66
79,34,66
79,35,66
79,37,66
79,38,66
80,32,66
80,35,66
80,37,66
80,38,66
80,39,66
81,36,66
81,37,66
81,38,66
81,39,66
82,38,66
83,38,66
83,40,66
83,42,66
84,37,66
84,39,66
85,36,66
85,38,66
86,37,66
87,35,66
89,34,66
71,34,65
72,33,65
73,34,65
74,34,65
74,35,65
74,36,65
74,37,65
74,38,65
75,31,65
75,33,65
75,34,65
75,35,65
76,31,65
76,37,65
76,40,65
77,30,65
77,32,65
77,33,65
77,38,65
77,39,65
78,30,65
78,31,65
78,32,65
78,33,65
78,34,65
78,35,65
78,37,65
78,38,65
79,30,65
79,31,65
79,32,65
79,33,65
79,34,65
79,35,65
79,38,65
80,30,65
80,31,65
80,32,65
80,33,65
80,34,65
80,35,65
80,36,65
80,37,65
80,38,65
81,32,65
81,33,65
81,34,65
81,36,65
81,37,65
81,38,65
81,39,65
82,32,65
82,34,65
82,36,65
82,37,65
82,38,65
82,40,65
83,37,65
83,38,65
83,39,65
83,40,65
84,37,65
84,38,65
85,38,65
86,38,65
74,32,64
75,33,64
75,35,64
75,36,64
75,37,64
77,38,64
78,34,64
78,35,64
78,36,64
78,37,64
79,31,64
79,33,64
79,34,64
79,35,64
79,36,64
79,38,64
80,31,64
80,32,64
80,33,64
80,35,64
80,36,64
80,37,64
80,38,64
80,39,64
81,30,64
81,36,64
81,37,64
81,38,64
81,39,64
82,29,64
82,36,64
82,37,64
82,38,64
82,39,64
74,33,63
74,34,63
75,33,63
75,35,63
75,37,63
75,38,63
76,35,63
77,33,63
77,34,63
77,35,63
77,36,63
77,37,63
78,33,63
78,35,63
78,36,63
78,37,63
78,38,63
79,33,63
79,34,63
79,35,63
79,36,63
79,37,63
79,38,63
80,33,63
80,34,63
80,36,63
80,37,63
80,38,63
81,33,63
81,35,63
81,36,63
81,37,63
75,34,62
75,38,62
76,33,62
76,34,62
76,36,62
76,38,62
77,33,62
77,34,62
77,35,62
77,36,62
77,37,62
78,33,62
78,34,62
78,35,62
78,36,62
78,37,62
78,38,62
78,39,62
78,40,62
79,31,62
79,32,62
79,33,62
79,34,62
79,35,62
79,36,62
79,37,62
79,38,62
79,40,62
80,32,62
80,33,62
80,35,62
80,36,62
80,37,62
80,39,62
81,32,62
81,34,62
81,35,62
81,36,62
81,37,62
75,37,61
76,36,61
76,37,61
77,32,61
77,33,61
77,34,61
77,35,61
77,36,61
77,37,61
78,33,61
78,34,61
78,35,61
78,36,61
78,37,61
78,38,61
79,33,61
79,34,61
79,35,61
79,36,61
79,37,61
79,38,61
80,33,61
80,34,61
80,35,61
80,36,61
80,39,61
81,33,61
75,36,60
76,36,60
76,37,60
76,38,60
77,33,60
77,34,60
77,35,60
77,36,60
77,37,60
77,38,60
78,34,60
78,35,60
78,36,60
78,37,60
78,38,60
79,34,60
79,36,60
79,37,60
79,38,60
79,39,60
79,40,60
80,34,60
80,35,60
80,36,60
75,35,59
76,35,59
76,36,59
76,37,59
76,39,59
77,32,59
77,33,59
77,34,59
77,35,59
77,36,59
77,37,59
77,38,59
77,39,59
78,33,59
78,34,59
78,35,59
78,36,59
78,37,59
78,38,59
79,35,59
79,36,59
79,37,59
79,38,59
79,39,59
80,37,59
81,34,59
75,37,58
75,38,58
75,39,58
76,36,58
76,37,58
76,38,58
76,39,58
76,40,58
77,35,58
77,36,58
77,37,58
77,38,58
77,39,58
78,34,58
78,35,58
78,36,58
78,37,58
78,38,58
78,39,58
79,36,58
79,37,58
79,38,58
79,39,58
79,40,58
79,41,58
80,37,58
75,36,57
75,37,57
75,39,57
75,41,57
76,33,57
76,35,57
76,36,57
76,37,57
76,38,57
76,39,57
77,34,57
77,35,57
77,36,57
77,37,57
77,38,57
77,39,57
78,34,57
78,35,57
78,36,57
78,37,57
78,38,57
78,39,57
78,40,57
78,41,57
78,42,57
79,34,57
79,37,57
79,38,57
79,40,57
79,41,57
79,42,57
80,35,57
80,36,57
80,37,57
80,39,57
81,35,57
81,37,57
74,36,56
75,34,56
75,35,56
75,36,56
75,38,56
75,39,56
75,42,56
75,43,56
76,34,56
76,35,56
76,36,56
76,37,56
76,38,56
76,39,56
76,40,56
76,42,56
76,43,56
76,44,56
76,48,56
77,33,56
77,34,56
77,35,56
77,36,56
77,37,56
77,38,56
77,39,56
77,40,56
77,41,56
77,47,56
78,34,56
78,36,56
78,38,56
78,39,56
78,40,56
78,41,56
79,36,56
79,37,56
79,39,56
79,40,56
80,35,56
80,36,56
81,37,56
71,42,55
74,37,55
74,38,55
74,39,55
75,37,55
75,38,55
75,40,55
75,41,55
76,36,55
76,38,55
76,39,55
76,40,55
76,41,55
76,42,55
77,35,55
77,36,55
77,37,55
77,38,55
77,39,55
77,40,55
77,41,55
77,42,55
77,43,55
78,35,55
78,36,55
78,37,55
78,38,55
78,39,55
78,40,55
78,41,55
78,43,55
79,39,55
74,37,54
74,41,54
75,36,54
75,37,54
75,38,54
75,39,54
75,40,54
76,37,54
76,38,54
76,39,54
76,40,54
76,41,54
76,42,54
76,43,54
77,38,54
77,39,54
77,40,54
77,41,54
77,42,54
78,37,54
78,39,54
78,40,54
78,41,54
78,43,54
75,39,53
75,40,53
75,42,53
76,37,53
76,38,53
76,39,53
76,40,53
76,41,53
77,36,53
77,37,53
77,38,53
77,40,53
78,38,53
78,39,53
78,40,53
71,42,52
73,41,52
73,43,52
73,47,52
74,40,52
74,41,52
75,38,52
75,39,52
75,42,52
75,48,52
76,38,52
76,39,52
76,40,52
76,42,52
76,43,52
76,46,52
76,47,52
77,37,52
77,38,52
77,39,52
77,40,52
77,41,52
77,42,52
77,43,52
78,40,52
82,48,52
65,40,51
73,41,51
73,42,51
74,39,51
74,40,51
74,41,51
74,42,51
74,43,51
75,39,51
75,40,51
75,42,51
75,43,51
75,44,51
75,45,51
76,38,51
76,39,51
76,40,51
76,41,51
76,43,51
76,44,51
76,46,51
76,50,51
77,38,51
77,39,51
77,40,51
77,41,51
77,42,51
77,44,51
77,45,51
77,46,51
78,40,51
78,41,51
78,42,51
71,42,50
71,44,50
71,45,50
73,45,50
74,40,50
74,42,50
74,44,50
74,45,50
74,46,50
74,47,50
75,40,50
75,41,50
75,42,50
75,43,50
75,44,50
75,45,50
75,46,50
75,47,50
75,48,50
75,49,50
76,39,50
76,40,50
76,41,50
76,42,50
76,43,50
76,44,50
76,45,50
76,46,50
76,47,50
76,48,50
77,39,50
77,40,50
77,41,50
77,42,50
77,43,50
78,43,50
67,45,48
67,65,48
71,48,48
73,44,48
73,48,48
73,49,48
73,50,48
74,41,48
74,42,48
74,43,48
74,44,48
74,45,48
74,46,48
74,47,48
74,48,48
75,40,48
75,41,48
75,42,48
75,43,48
75,44,48
75,45,48
75,48,48
76,40,48
76,41,48
76,42,48
76,43,48
76,44,48
76,45,48
76,46,48
77,45,48
