47,78,86
50,74,86
50,75,86
50,76,86
50,78,86
51,74,86
51,75,86
51,78,86
52,75,86
52,77,86
52,78,86
52,79,86
53,75,86
53,77,86
53,78,86
53,79,86
54,73,86
54,74,86
54,75,86
54,76,86
54,77,86
54,78,86
54,79,86
54,80,86
55,75,86
55,76,86
56,74,86
56,75,86
57,78,86
50,75,85
51,75,85
51,76,85
51,77,85
51,78,85
52,74,85
52,75,85
52,76,85
52,77,85
52,78,85
52,79,85
52,80,85
53,73,85
53,75,85
53,76,85
53,77,85
53,78,85
54,73,85
54,74,85
54,75,85
54,76,85
54,77,85
54,78,85
54,79,85
55,75,85
55,76,85
55,79,85
56,74,85
56,78,85
50,78,84
50,79,84
50,80,84
51,76,84
51,79,84
52,76,84
52,77,84
52,78,84
52,79,84
53,73,84
53,74,84
53,75,84
53,76,84
53,77,84
53,78,84
53,79,84
53,80,84
53,81,84
54,74,84
54,75,84
54,76,84
54,77,84
54,78,84
54,79,84
54,80,84
55,74,84
55,75,84
55,76,84
55,77,84
55,78,84
55,79,84
56,76,84
56,77,84
56,78,84
56,79,84
50,79,83
51,78,83
51,79,83
52,76,83
52,77,83
52,79,83
53,74,83
53,75,83
53,76,83
53,77,83
53,78,83
53,79,83
54,74,83
54,75,83
54,76,83
54,77,83
54,78,83
54,79,83
54,80,83
55,76,83
55,77,83
55,78,83
56,80,83
50,78,82
51,76,82
51,78,82
51,79,82
52,76,82
52,77,82
52,79,82
53,75,82
53,76,82
53,77,82
53,78,82
53,79,82
53,80,82
54,74,82
54,75,82
54,76,82
54,77,82
54,78,82
54,79,82
55,75,82
55,76,82
55,78,82
51,77,81
52,75,81
52,76,81
53,74,81
53,75,81
53,76,81
53,78,81
53,79,81
54,74,81
54,75,81
54,76,81
54,77,81
54,78,81
55,75,81
55,76,81
55,77,81
52,75,80
52,76,80
52,77,80
52,78,80
53,74,80
53,75,80
53,76,80
53,77,80
54,74,80
54,75,80
54,76,80
54,77,80
54,78,80
54,79,80
55,75,80
55,76,80
55,77,80
51,73,79
51,77,79
52,75,79
52,76,79
52,77,79
52,78,79
53,73,79
53,74,79
53,76,79
53,77,79
53,78,79
54,74,79
54,75,79
54,76,79
54,77,79
54,78,79
54,79,79
55,74,79
55,75,79
55,76,79
55,77,79
55,78,79
51,73,78
51,74,78
52,76,78
52,77,78
53,74,78
53,75,78
53,76,78
53,77,78
53,78,78
54,73,78
54,74,78
54,75,78
54,76,78
54,77,78
54,78,78
54,79,78
55,74,78
55,76,78
55,77,78
55,78,78
51,76,77
52,77,77
53,73,77
53,74,77
53,75,77
53,76,77
53,77,77
53,78,77
54,72,77
54,74,77
54,75,77
54,76,77
54,77,77
54,78,77
54,79,77
55,72,77
55,77,77
56,78,77
49,68,76
49,73,76
49,75,76
50,73,76
51,75,76
51,77,76
52,74,76
52,75,76
52,76,76
52,77,76
52,78,76
53,70,76
53,71,76
53,72,76
53,73,76
53,74,76
53,75,76
53,76,76
53,77,76
53,78,76
53,80,76
53,81,76
54,69,76
54,70,76
54,71,76
54,72,76
54,73,76
54,74,76
54,75,76
54,76,76
54,77,76
54,78,76
54,79,76
54,80,76
55,71,76
55,72,76
55,73,76
55,74,76
55,75,76
55,76,76
55,77,76
55,78,76
55,80,76
56,72,76
56,75,76
56,78,76
57,70,76
57,74,76
57,76,76
57,78,76
57,79,76
58,75,76
60,75,76
61,75,76
50,75,75
50,76,75
51,74,75
51,76,75
52,74,75
52,75,75
52,77,75
53,71,75
53,72,75
53,74,75
53,75,75
53,77,75
53,78,75
53,79,75
53,80,75
54,71,75
54,72,75
54,73,75
54,74,75
54,75,75
54,76,75
54,77,75
55,71,75
55,72,75
55,73,75
55,74,75
55,76,75
55,77,75
55,78,75
56,71,75
56,75,75
56,77,75
57,69,75
57,75,75
50,75,74
51,73,74
51,75,74
51,76,74
52,71,74
52,72,74
52,73,74
52,74,74
52,77,74
52,78,74
53,73,74
53,74,74
53,75,74
53,76,74
53,77,74
53,78,74
54,70,74
54,71,74
54,72,74
54,73,74
54,74,74
54,75,74
54,76,74
54,77,74
54,78,74
54,79,74
54,80,74
55,71,74
55,73,74
55,74,74
55,75,74
55,76,74
55,77,74
55,78,74
56,72,74
56,74,74
56,75,74
56,76,74
56,77,74
57,74,74
57,77,74
52,74,73
53,74,73
53,75,73
53,78,73
54,69,73
54,73,73
54,74,73
54,75,73
54,76,73
54,78,73
54,79,73
55,72,73
55,73,73
55,75,73
51,76,72
51,79,72
52,73,72
52,74,72
52,75,72
52,78,72
53,74,72
53,75,72
53,78,72
54,68,72
54,70,72
54,71,72
54,72,72
54,73,72
54,74,72
54,75,72
54,76,72
54,77,72
54,78,72
54,79,72
55,69,72
55,72,72
55,73,72
55,75,72
55,77,72
56,73,72
56,74,72
56,79,72
57,74,72
51,75,71
53,74,71
53,80,71
54,70,71
54,71,71
54,73,71
54,74,71
54,75,71
54,76,71
54,77,71
54,78,71
55,70,71
55,71,71
55,74,71
55,75,71
55,77,71
55,78,71
55,80,71
56,68,71
56,72,71
49,77,70
50,75,70
50,76,70
50,77,70
51,73,70
52,70,70
52,72,70
52,74,70
52,75,70
52,76,70
52,78,70
52,79,70
53,71,70
53,72,70
53,74,70
53,76,70
53,77,70
53,78,70
53,79,70
53,80,70
54,66,70
54,67,70
54,69,70
54,70,70
54,71,70
54,72,70
54,74,70
54,75,70
54,76,70
54,77,70
54,78,70
54,81,70
54,82,70
55,68,70
55,69,70
55,71,70
55,72,70
55,73,70
55,74,70
55,75,70
55,76,70
55,77,70
55,78,70
55,79,70
56,65,70
56,66,70
56,71,70
56,72,70
56,74,70
56,77,70
57,71,70
57,72,70
57,73,70
57,74,70
57,75,70
57,80,70
58,70,70
58,71,70
58,75,70
59,72,70
50,69,69
51,73,69
52,74,69
53,70,69
53,71,69
53,72,69
53,73,69
53,78,69
53,80,69
54,70,69
54,71,69
54,72,69
54,73,69
54,74,69
54,75,69
54,76,69
54,78,69
54,79,69
54,80,69
55,71,69
55,72,69
55,74,69
55,75,69
55,76,69
55,77,69
55,79,69
56,73,69
56,74,69
56,78,69
48,73,68
48,75,68
49,70,68
49,71,68
50,74,68
50,77,68
51,68,68
51,70,68
51,72,68
51,79,68
52,70,68
52,71,68
52,72,68
52,74,68
52,77,68
52,80,68
52,81,68
53,68,68
53,70,68
53,71,68
53,72,68
53,74,68
53,80,68
53,81,68
54,65,68
54,69,68
54,70,68
54,71,68
54,72,68
54,73,68
54,74,68
54,75,68
54,76,68
54,77,68
54,78,68
54,79,68
54,80,68
55,66,68
55,68,68
55,69,68
55,70,68
55,71,68
55,73,68
55,74,68
55,75,68
55,76,68
55,78,68
56,70,68
56,76,68
57,66,68
57,71,68
57,72,68
57,75,68
57,79,68
57,81,68
58,70,68
58,72,68
59,75,68
50,64,65
50,66,65
50,67,65
50,68,65
51,77,65
52,67,65
52,72,65
52,73,65
52,75,65
52,77,65
52,78,65
53,67,65
53,71,65
53,72,65
53,73,65
53,74,65
53,75,65
53,76,65
53,78,65
54,67,65
54,68,65
54,69,65
54,70,65
54,71,65
54,72,65
54,74,65
54,75,65
54,76,65
54,77,65
55,67,65
55,68,65
55,69,65
55,70,65
55,71,65
55,72,65
55,73,65
55,74,65
55,75,65
55,76,65
55,79,65
56,65,65
56,69,65
56,70,65
56,71,65
56,73,65
56,74,65
56,76,65
57,69,65
57,71,65
57,77,65
58,71,65
50,66,64
51,67,64
52,68,64
52,77,64
53,68,64
53,69,64
53,79,64
54,65,64
54,67,64
54,68,64
54,69,64
54,71,64
54,73,64
54,74,64
54,75,64
54,78,64
55,69,64
55,70,64
55,72,64
55,73,64
56,70,64
56,71,64
56,77,64
56,78,64
57,72,64
52,72,62
52,75,62
53,69,62
54,67,62
54,68,62
54,70,62
54,71,62
54,72,62
55,66,62
55,67,62
55,68,62
55,69,62
55,70,62
56,70,62
45,63,60
52,65,60
52,66,60
52,68,60
52,73,60
53,67,60
53,72,60
53,79,60
54,62,60
54,63,60
54,64,60
54,65,60
54,68,60
54,69,60
54,70,60
54,71,60
54,72,60
54,73,60
55,65,60
55,67,60
55,68,60
55,69,60
55,70,60
55,71,60
55,72,60
55,73,60
56,64,60
56,65,60
56,66,60
56,69,60
56,70,60
56,71,60
56,72,60
56,73,60
57,71,60
58,70,60
58,72,60
59,73,60
48,75,58
53,69,58
53,71,58
53,72,58
53,73,58
54,63,58
54,64,58
54,66,58
54,67,58
54,68,58
54,69,58
54,70,58
55,65,58
55,66,58
55,67,58
55,68,58
55,69,58
55,70,58
55,71,58
55,74,58
56,63,58
56,67,58
56,72,58
56,73,58
57,64,58
57,67,58
57,68,58
57,69,58
58,67,58
59,63,58
59,66,58
60,75,58
51,68,55
53,64,55
53,68,55
54,63,55
54,65,55
54,66,55
54,67,55
54,68,55
54,69,55
54,70,55
54,71,55
54,72,55
55,63,55
55,66,55
55,67,55
55,68,55
56,67,55
56,72,55
57,61,55
53,68,54
54,64,54
54,65,54
54,67,54
54,68,54
54,69,54
54,70,54
54,73,54
55,64,54
55,65,54
55,66,54
55,67,54
55,68,54
55,69,54
55,70,54
55,71,54
56,64,54
56,65,54
56,66,54
56,67,54
56,68,54
56,69,54
57,63,54
57,65,54
57,68,54
58,77,54
52,64,53
52,68,53
53,64,53
53,68,53
53,70,53
54,64,53
54,65,53
54,66,53
54,67,53
54,69,53
54,70,53
54,71,53
55,61,53
55,62,53
55,63,53
55,64,53
55,65,53
55,66,53
55,67,53
55,68,53
55,69,53
55,70,53
55,71,53
56,61,53
56,62,53
56,63,53
56,65,53
56,66,53
56,67,53
56,68,53
56,69,53
56,70,53
56,71,53
57,61,53
57,63,53
57,66,53
57,72,53
59,63,53
53,64,52
53,65,52
53,71,52
54,64,52
54,65,52
54,66,52
54,71,52
54,72,52
55,62,52
55,63,52
55,64,52
55,65,52
55,66,52
55,67,52
55,68,52
55,70,52
55,71,52
56,60,52
56,61,52
56,62,52
56,63,52
56,64,52
56,66,52
56,68,52
56,69,52
57,62,52
57,64,52
59,72,52
53,65,51
54,64,51
54,66,51
54,67,51
55,61,51
55,64,51
55,65,51
55,66,51
55,67,51
56,62,51
56,63,51
56,64,51
56,65,51
56,66,51
56,68,51
56,69,51
57,62,51
59,66,51
51,65,50
52,62,50
53,60,50
54,62,50
54,63,50
54,64,50
54,65,50
54,66,50
54,68,50
55,60,50
55,63,50
55,64,50
55,65,50
55,66,50
55,67,50
55,70,50
56,62,50
56,63,50
56,64,50
56,65,50
56,66,50
56,67,50
56,68,50
56,69,50
56,70,50
56,75,50
57,62,50
57,68,50
50,64,49
50,66,49
51,60,49
52,59,49
52,61,49
53,62,49
53,63,49
53,66,49
54,61,49
54,62,49
54,63,49
54,64,49
54,67,49
55,58,49
55,61,49
55,62,49
55,63,49
55,64,49
55,66,49
55,67,49
55,68,49
55,69,49
55,70,49
56,60,49
56,61,49
56,62,49
56,63,49
56,64,49
56,65,49
56,66,49
56,67,49
56,68,49
56,69,49
56,71,49
57,60,49
57,63,49
57,67,49
57,69,49
58,67,49
58,68,49
59,62,49
59,63,49
60,58,49
54,62,48
54,64,48
54,65,48
54,66,48
55,60,48
55,62,48
55,63,48
55,64,48
55,67,48
56,61,48
56,62,48
56,63,48
56,64,48
56,65,48
56,66,48
57,62,48
57,64,48
57,65,48
52,62,47
53,61,47
53,62,47
54,61,47
54,62,47
54,63,47
54,65,47
54,66,47
54,67,47
54,69,47
55,61,47
55,62,47
55,63,47
55,64,47
55,65,47
55,66,47
55,67,47
55,69,47
56,61,47
56,62,47
56,63,47
56,64,47
56,65,47
56,66,47
56,69,47
57,62,47
57,64,47
58,64,47
54,63,46
55,62,46
55,63,46
55,64,46
55,66,46
55,68,46
56,61,46
56,62,46
56,63,46
56,64,46
56,65,46
56,66,46
54,61,45
54,64,45
54,66,45
55,61,45
55,62,45
55,64,45
55,65,45
55,66,45
56,64,45
56,65,45
57,62,45
53,62,44
54,62,44
54,63,44
54,65,44
55,60,44
55,61,44
55,62,44
55,63,44
55,64,44
55,66,44
55,67,44
55,68,44
56,62,44
56,66,44
56,67,44
57,67,44
64,39,32
64,45,32
65,41,32
66,39,32
66,41,32
66,43,32
67,39,32
67,41,32
68,37,32
68,39,32
68,40,32
69,35,32
69,37,32
69,39,32
70,36,32
71,35,32
72,32,32
72,34,32
73,30,32
73,31,32
76,26,32
76,27,32
77,24,32
78,23,32
79,23,32
82,18,32
83,16,32
84,13,32
84,14,32
84,15,32
85,12,32
85,13,32
64,46,31
65,42,31
65,43,31
66,39,31
66,42,31
66,43,31
66,44,31
67,40,31
68,38,31
68,39,31
68,40,31
69,37,31
69,39,31
70,36,31
71,33,31
71,34,31
71,35,31
71,36,31
72,31,31
72,32,31
72,35,31
73,30,31
73,31,31
74,30,31
75,27,31
75,28,31
76,27,31
77,23,31
77,24,31
77,25,31
78,22,31
78,23,31
79,22,31
79,23,31
80,21,31
81,17,31
81,18,31
82,16,31
82,18,31
82,19,31
83,14,31
83,15,31
83,16,31
84,13,31
84,14,31
85,12,31
85,13,31
65,42,30
65,44,30
66,42,30
66,44,30
67,39,30
67,40,30
67,41,30
67,42,30
68,37,30
68,38,30
68,39,30
68,40,30
69,34,30
69,35,30
69,37,30
69,38,30
70,35,30
70,36,30
70,37,30
71,33,30
71,34,30
71,35,30
71,36,30
72,31,30
72,32,30
72,33,30
72,34,30
72,35,30
73,30,30
73,31,30
73,32,30
73,33,30
74,30,30
74,31,30
74,32,30
75,26,30
75,27,30
75,28,30
75,30,30
76,26,30
76,27,30
77,24,30
77,25,30
78,22,30
78,23,30
78,24,30
79,21,30
79,22,30
79,23,30
81,18,30
81,19,30
82,16,30
82,18,30
83,15,30
83,16,30
84,12,30
84,13,30
84,14,30
84,15,30
85,13,30
85,15,30
46,53,29
64,46,29
65,43,29
65,44,29
66,39,29
66,42,29
66,43,29
66,44,29
67,40,29
67,41,29
67,42,29
68,39,29
68,40,29
68,41,29
69,36,29
69,37,29
69,38,29
70,35,29
70,36,29
70,37,29
71,32,29
71,34,29
71,35,29
71,37,29
72,32,29
72,33,29
72,34,29
73,30,29
73,31,29
73,33,29
74,27,29
74,28,29
74,30,29
74,31,29
75,26,29
75,27,29
75,29,29
76,27,29
76,28,29
77,24,29
77,25,29
77,26,29
78,22,29
78,23,29
78,24,29
78,25,29
80,20,29
80,21,29
80,22,29
81,19,29
82,15,29
82,16,29
82,17,29
82,18,29
82,19,29
83,13,29
83,14,29
83,15,29
84,13,29
84,14,29
84,15,29
85,11,29
85,12,29
85,13,29
85,14,29
85,15,29
41,51,28
62,50,28
64,45,28
65,44,28
66,42,28
67,39,28
67,40,28
67,41,28
67,45,28
68,37,28
68,39,28
68,41,28
69,38,28
69,39,28
70,36,28
70,37,28
71,32,28
71,34,28
71,35,28
71,36,28
72,30,28
72,34,28
72,35,28
73,30,28
73,31,28
73,33,28
74,31,28
75,30,28
76,27,28
76,28,28
76,29,28
77,22,28
77,26,28
78,22,28
78,24,28
79,23,28
80,19,28
80,20,28
80,22,28
81,18,28
81,19,28
82,17,28
82,18,28
83,13,28
83,14,28
83,15,28
83,16,28
83,17,28
83,18,28
84,13,28
84,14,28
84,15,28
85,13,28
85,14,28
42,51,27
65,44,27
67,40,27
67,41,27
68,39,27
69,39,27
70,35,27
70,36,27
70,37,27
71,34,27
73,31,27
76,29,27
77,27,27
78,23,27
79,21,27
80,22,27
81,19,27
82,17,27
82,18,27
82,19,27
84,13,27
84,14,27
84,15,27
85,14,27
35,48,26
37,50,26
38,49,26
38,50,26
39,50,26
39,51,26
39,52,26
40,50,26
40,51,26
41,51,26
41,52,26
42,51,26
42,52,26
42,53,26
43,52,26
43,53,26
63,40,26
63,49,26
63,52,26
64,44,26
64,45,26
65,44,26
66,44,26
66,45,26
67,39,26
67,40,26
67,41,26
67,43,26
67,46,26
68,39,26
68,40,26
68,41,26
69,33,26
69,39,26
69,42,26
69,43,26
69,44,26
70,35,26
70,37,26
70,38,26
70,42,26
71,32,26
71,37,26
71,38,26
71,39,26
72,35,26
73,31,26
73,32,26
73,34,26
73,38,26
74,31,26
75,27,26
76,26,26
77,25,26
77,29,26
78,23,26
78,24,26
78,27,26
78,28,26
79,24,26
80,22,26
80,23,26
80,24,26
81,20,26
81,21,26
81,23,26
82,16,26
82,17,26
82,18,26
82,19,26
83,14,26
83,15,26
83,20,26
84,13,26
84,14,26
84,15,26
84,17,26
84,19,26
85,14,26
85,15,26
86,15,26
29,47,25
34,49,25
35,49,25
36,50,25
37,50,25
37,51,25
39,50,25
39,51,25
40,51,25
40,52,25
41,50,25
41,52,25
41,53,25
41,80,25
42,52,25
43,52,25
43,53,25
43,54,25
44,55,25
47,56,25
63,50,25
64,45,25
65,45,25
67,39,25
68,39,25
71,39,25
72,40,25
73,31,25
75,27,25
76,26,25
76,27,25
78,27,25
80,23,25
81,19,25
81,20,25
81,23,25
82,14,25
83,18,25
84,14,25
84,15,25
84,16,25
85,15,25
20,45,23
25,46,23
27,46,23
28,46,23
29,45,23
30,45,23
30,48,23
31,47,23
31,48,23
32,48,23
33,48,23
33,49,23
34,47,23
34,48,23
35,49,23
36,50,23
36,51,23
37,50,23
37,51,23
38,50,23
38,51,23
39,51,23
40,51,23
40,52,23
40,54,23
40,55,23
40,56,23
41,52,23
42,52,23
42,54,23
43,53,23
43,54,23
43,55,23
44,54,23
44,55,23
46,54,23
48,57,23
67,39,23
67,42,23
72,41,23
75,27,23
75,28,23
76,26,23
77,33,23
80,19,23
80,20,23
83,18,23
84,15,23
20,44,20
21,43,20
22,44,20
23,43,20
23,44,20
24,45,20
24,46,20
25,40,20
25,45,20
25,46,20
26,43,20
26,44,20
26,45,20
26,46,20
26,47,20
27,46,20
28,46,20
28,47,20
29,45,20
29,46,20
29,47,20
29,48,20
30,48,20
30,49,20
31,47,20
31,48,20
31,49,20
33,49,20
33,50,20
34,49,20
34,50,20
35,49,20
35,50,20
36,50,20
36,51,20
36,52,20
37,51,20
37,52,20
37,53,20
39,51,20
39,52,20
40,52,20
40,53,20
42,56,20
43,54,20
43,55,20
44,56,20
45,55,20
14,42,18
21,44,18
23,43,18
23,44,18
23,45,18
24,45,18
25,45,18
25,46,18
25,47,18
26,44,18
26,46,18
27,46,18
27,47,18
28,47,18
30,48,18
31,48,18
32,49,18
34,51,18
34,52,18
35,50,18
44,55,18
16,41,17
19,45,17
21,43,17
21,44,17
22,44,17
22,45,17
23,44,17
23,45,17
23,46,17
24,46,17
25,45,17
25,46,17
25,47,17
26,47,17
27,46,17
27,47,17
27,48,17
28,47,17
29,49,17
30,46,17
30,48,17
31,48,17
31,49,17
31,51,17
32,50,17
34,49,17
14,41,13
14,42,13
17,41,13
17,43,13
17,44,13
18,42,13
18,43,13
18,45,13
19,44,13
20,44,13
20,45,13
21,45,13
21,46,13
22,46,13
23,45,13
25,47,13
26,51,13
27,47,13
30,51,13
