13,26,86
13,27,86
14,25,86
14,26,86
15,27,86
16,25,86
16,27,86
17,27,86
18,26,86
18,27,86
18,28,86
19,27,86
19,28,86
20,23,86
20,27,86
21,26,86
21,27,86
22,22,86
22,23,86
22,24,86
22,25,86
23,11,86
23,19,86
23,23,86
23,25,86
24,19,86
24,20,86
24,23,86
24,24,86
25,13,86
25,14,86
25,17,86
25,19,86
25,20,86
25,24,86
26,16,86
26,20,86
26,21,86
29,99,86
14,25,85
15,27,85
16,24,85
16,25,85
16,26,85
17,7,85
18,8,85
18,24,85
18,25,85
18,27,85
19,9,85
19,20,85
19,24,85
19,26,85
20,19,85
21,22,85
21,23,85
21,24,85
22,19,85
22,22,85
22,23,85
23,11,85
23,15,85
23,19,85
23,22,85
24,12,85
24,13,85
24,14,85
24,19,85
24,20,85
24,23,85
25,16,85
25,20,85
25,21,85
10,15,84
14,25,84
15,24,84
16,19,84
16,21,84
17,8,84
17,16,84
17,17,84
17,18,84
17,19,84
17,21,84
17,25,84
18,19,84
18,20,84
18,21,84
18,22,84
18,26,84
19,21,84
20,20,84
20,21,84
21,18,84
21,19,84
21,20,84
21,21,84
21,22,84
22,10,84
22,11,84
22,20,84
22,22,84
23,19,84
23,20,84
23,23,84
24,12,84
24,20,84
24,23,84
25,18,84
10,15,83
15,17,83
15,23,83
16,18,83
16,19,83
16,20,83
16,22,83
16,23,83
17,16,83
17,17,83
17,18,83
17,19,83
17,20,83
17,21,83
18,18,83
18,19,83
18,20,83
18,21,83
18,25,83
19,17,83
19,19,83
19,20,83
20,19,83
21,22,83
22,11,83
22,19,83
22,20,83
22,21,83
23,15,83
23,19,83
23,20,83
23,22,83
24,20,83
11,16,82
12,15,82
12,16,82
13,17,82
14,17,82
14,18,82
15,17,82
15,18,82
15,19,82
15,23,82
16,15,82
16,16,82
16,17,82
16,18,82
16,19,82
16,20,82
17,13,82
17,14,82
17,15,82
17,17,82
17,18,82
17,19,82
17,20,82
18,11,82
18,15,82
18,16,82
18,17,82
18,18,82
18,19,82
18,20,82
18,24,82
19,16,82
19,17,82
19,18,82
19,19,82
19,20,82
19,21,82
20,17,82
20,20,82
20,21,82
20,22,82
20,23,82
21,15,82
21,18,82
21,20,82
21,21,82
21,22,82
22,19,82
22,20,82
22,22,82
23,19,82
13,16,81
15,17,81
15,19,81
16,18,81
16,19,81
16,20,81
16,21,81
16,22,81
17,15,81
17,16,81
17,17,81
17,18,81
17,19,81
17,21,81
17,22,81
18,12,81
18,13,81
18,15,81
18,16,81
18,17,81
18,18,81
18,19,81
18,20,81
18,21,81
19,14,81
19,17,81
19,18,81
19,19,81
19,20,81
20,19,81
20,21,81
20,22,81
22,21,81
15,15,80
15,18,80
16,14,80
16,15,80
16,16,80
16,18,80
16,19,80
16,22,80
17,15,80
17,16,80
17,17,80
17,18,80
17,19,80
18,13,80
18,17,80
18,18,80
18,19,80
18,20,80
18,21,80
19,15,80
19,16,80
19,18,80
19,19,80
19,20,80
19,21,80
19,22,80
20,19,80
20,20,80
20,21,80
20,22,80
21,19,80
21,21,80
14,18,79
15,17,79
15,18,79
16,15,79
16,16,79
16,17,79
16,18,79
16,19,79
16,21,79
16,22,79
17,16,79
17,17,79
17,18,79
17,19,79
17,20,79
18,17,79
18,18,79
18,19,79
18,20,79
18,21,79
19,16,79
19,17,79
19,19,79
19,20,79
19,21,79
20,16,79
20,19,79
20,20,79
20,21,79
21,20,79
14,19,78
15,18,78
16,19,78
16,20,78
16,21,78
17,17,78
17,18,78
17,19,78
17,20,78
17,22,78
18,16,78
18,17,78
18,18,78
18,19,78
18,20,78
18,21,78
19,16,78
19,17,78
19,18,78
19,19,78
19,20,78
19,21,78
20,18,78
20,19,78
20,20,78
15,19,77
16,17,77
16,18,77
16,19,77
16,20,77
17,15,77
17,17,77
17,18,77
17,19,77
17,20,77
17,21,77
17,22,77
18,16,77
18,17,77
18,18,77
18,19,77
18,20,77
18,21,77
19,15,77
19,18,77
19,19,77
19,21,77
20,20,77
20,21,77
16,17,76
16,18,76
16,19,76
17,17,76
17,18,76
17,19,76
17,20,76
17,21,76
18,17,76
18,18,76
18,19,76
18,20,76
18,21,76
19,17,76
19,18,76
19,19,76
19,20,76
16,18,75
16,19,75
16,20,75
17,17,75
17,18,75
17,19,75
17,20,75
17,21,75
18,17,75
18,18,75
18,19,75
18,20,75
18,21,75
19,18,75
19,19,75
19,20,75
19,21,75
20,20,75
20,21,75
16,19,74
17,18,74
17,19,74
17,20,74
18,17,74
18,18,74
18,19,74
18,20,74
18,21,74
19,18,74
19,19,74
19,20,74
14,19,73
15,19,73
15,20,73
16,19,73
16,20,73
17,18,73
17,19,73
17,20,73
17,21,73
18,17,73
18,18,73
18,19,73
18,20,73
18,21,73
18,22,73
19,18,73
19,19,73
19,20,73
19,21,73
20,21,73
14,21,72
15,19,72
15,20,72
15,21,72
16,16,72
16,17,72
16,19,72
16,20,72
16,21,72
17,15,72
17,16,72
17,17,72
17,18,72
17,19,72
17,20,72
17,21,72
18,17,72
18,18,72
18,19,72
18,20,72
18,21,72
18,22,72
19,15,72
19,17,72
19,18,72
19,19,72
19,20,72
19,21,72
20,16,72
20,17,72
20,18,72
20,19,72
20,20,72
20,22,72
21,18,72
21,23,72
22,19,72
15,17,71
15,21,71
16,15,71
16,17,71
16,18,71
16,19,71
16,20,71
16,21,71
17,17,71
17,18,71
17,19,71
18,18,71
18,19,71
18,20,71
18,21,71
18,22,71
19,19,71
19,20,71
19,21,71
20,17,71
20,19,71
20,20,71
20,21,71
20,22,71
21,18,71
21,19,71
21,20,71
21,21,71
22,19,71
22,21,71
16,20,70
17,17,70
17,18,70
17,19,70
17,20,70
17,22,70
18,18,70
18,19,70
18,20,70
18,22,70
19,20,70
19,21,70
20,21,70
20,22,70
21,20,70
16,18,68
16,19,68
17,18,68
17,19,68
17,21,68
17,22,68
18,18,68
18,19,68
18,20,68
18,21,68
18,22,68
19,18,68
19,19,68
19,20,68
19,21,68
19,23,68
20,18,68
20,19,68
20,20,68
20,22,68
20,23,68
21,22,68
22,22,68
22,23,68
23,24,68
23,25,68
24,24,68
16,20,67
17,18,67
17,19,67
17,20,67
18,19,67
18,20,67
18,21,67
19,17,67
19,18,67
19,19,67
19,20,67
19,22,67
20,19,67
20,21,67
20,22,67
20,23,67
21,21,67
21,22,67
21,23,67
21,24,67
21,25,67
22,19,67
22,21,67
22,23,67
22,24,67
17,21,66
18,21,66
18,22,66
19,20,66
19,21,66
19,22,66
20,20,66
20,21,66
20,22,66
21,20,66
21,21,66
21,22,66
21,23,66
22,20,66
22,21,66
17,20,65
17,21,65
17,22,65
17,25,65
18,18,65
18,19,65
18,20,65
18,21,65
18,22,65
19,18,65
19,19,65
19,20,65
19,21,65
19,22,65
20,18,65
20,19,65
20,20,65
20,21,65
20,22,65
20,23,65
21,20,65
21,21,65
21,23,65
21,24,65
17,19,64
17,20,64
18,18,64
18,19,64
18,20,64
18,21,64
18,22,64
18,23,64
19,18,64
19,19,64
19,20,64
19,21,64
20,18,64
20,19,64
20,20,64
20,21,64
20,22,64
21,22,64
23,23,64
17,20,63
18,20,63
18,21,63
19,19,63
19,20,63
20,21,63
20,22,63
23,28,63
18,20,59
18,22,59
19,22,59
20,21,59
20,22,59
20,23,59
20,24,59
21,21,59
21,22,59
21,26,59
22,20,59
22,23,59
22,26,59
23,22,59
18,20,58
18,21,58
18,22,58
19,20,58
19,21,58
19,22,58
20,20,58
20,22,58
20,23,58
21,21,58
21,22,58
21,23,58
21,24,58
21,26,58
22,22,58
22,23,58
22,24,58
23,24,58
23,25,58
