68,53,88
68,55,88
69,52,88
69,54,88
69,55,88
70,52,88
70,53,88
70,54,88
70,55,88
70,56,88
71,55,88
71,56,88
72,57,88
73,57,88
74,58,88
75,56,88
75,57,88
75,58,88
75,59,88
76,57,88
76,58,88
77,56,88
80,58,88
66,50,87
68,53,87
68,56,87
68,58,87
69,53,87
69,54,87
69,55,87
69,56,87
70,53,87
70,54,87
70,55,87
70,56,87
70,57,87
71,54,87
71,55,87
71,56,87
71,57,87
71,59,87
72,54,87
72,56,87
72,57,87
73,57,87
74,55,87
74,57,87
74,58,87
75,56,87
75,57,87
75,58,87
76,55,87
77,57,87
79,58,87
83,57,87
69,54,86
69,55,86
69,58,86
70,54,86
70,55,86
70,56,86
70,57,86
70,58,86
71,54,86
71,55,86
71,56,86
71,57,86
71,58,86
72,56,86
73,57,86
73,58,86
73,59,86
74,56,86
74,57,86
74,58,86
75,56,86
75,57,86
75,58,86
75,59,86
76,58,86
77,57,86
77,59,86
78,57,86
79,57,86
80,57,86
67,56,85
68,59,85
68,60,85
69,54,85
69,55,85
69,58,85
69,59,85
70,54,85
70,55,85
70,56,85
70,58,85
70,59,85
71,53,85
71,54,85
71,55,85
71,56,85
71,57,85
71,58,85
71,59,85
72,56,85
72,58,85
72,59,85
73,56,85
73,57,85
73,58,85
73,59,85
74,56,85
74,57,85
74,58,85
74,59,85
74,61,85
75,57,85
75,58,85
76,56,85
76,57,85
76,58,85
78,57,85
80,58,85
69,57,84
69,59,84
70,54,84
70,55,84
70,57,84
71,53,84
71,54,84
71,55,84
71,56,84
71,57,84
71,58,84
72,53,84
72,54,84
72,55,84
72,56,84
72,57,84
72,58,84
72,59,84
72,60,84
73,56,84
73,57,84
73,58,84
73,59,84
74,57,84
74,58,84
75,57,84
75,59,84
77,57,84
67,59,83
68,60,83
69,59,83
69,60,83
70,54,83
70,55,83
70,56,83
70,57,83
70,58,83
70,59,83
71,54,83
71,55,83
71,56,83
71,57,83
71,58,83
71,59,83
71,61,83
72,53,83
72,54,83
72,55,83
72,56,83
72,57,83
72,58,83
72,59,83
72,60,83
73,53,83
73,54,83
73,55,83
73,56,83
73,57,83
73,58,83
73,61,83
74,56,83
74,57,83
74,58,83
74,59,83
75,59,83
76,57,83
69,59,82
70,55,82
70,58,82
70,59,82
70,60,82
71,55,82
71,57,82
71,58,82
71,59,82
71,60,82
72,54,82
72,55,82
72,56,82
72,57,82
72,58,82
72,59,82
72,60,82
73,55,82
73,56,82
73,57,82
73,58,82
73,60,82
69,59,81
69,60,81
70,56,81
70,58,81
70,59,81
70,60,81
70,61,81
71,54,81
71,55,81
71,57,81
71,58,81
71,59,81
71,60,81
72,53,81
72,55,81
72,56,81
72,57,81
72,58,81
72,59,81
72,60,81
72,62,81
73,55,81
73,58,81
73,60,81
69,64,80
70,58,80
70,59,80
70,60,80
70,61,80
70,62,80
70,65,80
71,55,80
71,56,80
71,57,80
71,58,80
71,59,80
71,60,80
71,61,80
72,54,80
72,55,80
72,56,80
72,57,80
72,58,80
72,59,80
72,60,80
73,60,80
69,59,79
69,63,79
69,64,79
69,65,79
69,66,79
70,59,79
70,60,79
70,61,79
70,62,79
70,65,79
70,67,79
71,56,79
71,57,79
71,58,79
71,59,79
71,60,79
71,61,79
71,62,79
72,55,79
72,56,79
72,57,79
72,58,79
72,59,79
72,60,79
72,61,79
72,62,79
73,58,79
66,71,78
67,69,78
68,64,78
68,65,78
68,68,78
69,59,78
69,60,78
69,61,78
69,62,78
69,63,78
69,64,78
69,65,78
69,66,78
69,68,78
70,56,78
70,57,78
70,58,78
70,59,78
70,60,78
70,61,78
70,62,78
70,63,78
70,64,78
70,65,78
71,55,78
71,57,78
71,58,78
71,59,78
71,60,78
71,61,78
71,62,78
71,63,78
71,68,78
72,57,78
72,58,78
72,59,78
72,61,78
72,62,78
72,63,78
73,58,78
73,59,78
73,60,78
73,61,78
57,79,77
62,76,77
65,77,77
65,78,77
66,68,77
66,69,77
66,71,77
66,75,77
66,76,77
66,78,77
67,69,77
67,71,77
67,72,77
67,73,77
67,74,77
68,59,77
68,60,77
68,62,77
68,63,77
68,65,77
68,66,77
68,67,77
68,68,77
68,69,77
68,70,77
68,71,77
68,72,77
69,59,77
69,60,77
69,62,77
69,63,77
69,64,77
69,65,77
69,66,77
69,67,77
69,68,77
69,69,77
69,70,77
69,73,77
70,58,77
70,59,77
70,60,77
70,61,77
70,62,77
70,63,77
70,64,77
70,65,77
71,55,77
71,56,77
71,57,77
71,58,77
71,59,77
71,60,77
71,61,77
71,62,77
71,63,77
71,65,77
72,54,77
72,56,77
72,57,77
72,58,77
72,59,77
72,60,77
72,61,77
72,62,77
72,63,77
73,53,77
73,58,77
64,79,76
65,70,76
65,77,76
65,78,76
66,68,76
66,69,76
66,70,76
66,71,76
66,74,76
66,75,76
66,76,76
66,77,76
66,78,76
66,80,76
67,62,76
67,68,76
67,69,76
67,70,76
67,71,76
67,72,76
67,73,76
67,74,76
67,76,76
67,77,76
68,58,76
68,62,76
68,63,76
68,64,76
68,65,76
68,66,76
68,67,76
68,68,76
68,69,76
68,70,76
68,71,76
68,73,76
68,74,76
69,57,76
69,59,76
69,60,76
69,61,76
69,63,76
69,64,76
69,65,76
69,66,76
69,67,76
69,68,76
69,69,76
69,70,76
69,79,76
70,54,76
70,57,76
70,58,76
70,59,76
70,60,76
70,61,76
70,62,76
70,63,76
70,64,76
70,65,76
70,66,76
70,67,76
70,68,76
70,70,76
71,54,76
71,55,76
71,56,76
71,57,76
71,58,76
71,59,76
71,60,76
71,61,76
71,62,76
71,63,76
71,65,76
72,56,76
72,57,76
72,58,76
72,59,76
72,61,76
72,63,76
73,61,76
62,79,75
63,77,75
63,79,75
64,79,75
64,82,75
65,77,75
65,78,75
66,68,75
66,69,75
66,70,75
66,71,75
66,74,75
66,76,75
66,77,75
67,70,75
67,71,75
67,72,75
67,73,75
67,75,75
67,76,75
68,62,75
68,64,75
68,66,75
68,67,75
68,68,75
68,69,75
68,70,75
68,71,75
68,72,75
68,76,75
69,63,75
69,64,75
69,65,75
69,66,75
69,67,75
69,69,75
69,70,75
69,71,75
70,60,75
70,64,75
70,65,75
71,58,75
71,61,75
71,64,75
63,75,74
63,79,74
63,80,74
63,81,74
63,85,74
64,76,74
64,77,74
64,78,74
64,79,74
64,80,74
65,70,74
65,73,74
65,74,74
65,75,74
65,76,74
65,77,74
65,78,74
65,79,74
65,80,74
66,67,74
66,68,74
66,69,74
66,70,74
66,71,74
66,72,74
66,73,74
66,74,74
66,76,74
66,77,74
67,64,74
67,67,74
67,68,74
67,69,74
67,70,74
67,71,74
67,72,74
67,73,74
67,74,74
67,75,74
67,76,74
67,77,74
68,68,74
68,69,74
68,70,74
68,72,74
68,77,74
68,80,74
69,64,74
69,67,74
69,70,74
69,77,74
71,64,74
63,79,73
64,76,73
64,77,73
64,79,73
64,80,73
64,81,73
64,82,73
65,73,73
65,75,73
65,76,73
65,77,73
65,78,73
65,79,73
65,81,73
66,72,73
66,73,73
66,75,73
66,76,73
66,79,73
67,73,73
68,74,73
63,79,72
64,76,72
64,78,72
64,79,72
64,80,72
64,81,72
65,75,72
65,76,72
65,77,72
65,78,72
65,79,72
65,80,72
65,81,72
66,73,72
66,75,72
66,76,72
66,77,72
66,79,72
55,94,71
58,89,71
63,80,71
63,81,71
64,78,71
64,79,71
64,80,71
64,81,71
64,82,71
65,75,71
65,76,71
65,77,71
65,78,71
65,79,71
65,80,71
65,81,71
65,82,71
66,75,71
66,79,71
66,82,71
31,8,61
38,8,61
39,7,61
39,8,61
39,12,61
40,6,61
40,7,61
40,8,61
42,5,61
42,6,61
42,7,61
42,8,61
43,6,61
43,7,61
44,5,61
